cell/mut	ACOT12	ADAMTS13	ARHGAP24	ARNT2	ATP9A	CDH7	CELF4	CENPC1	CKAP2	COL6A2	CUL3	DHX38	DMD	DNAH7	DST	FMNL1	GPR107	HDAC9	ICAM5	IQSEC3	LDB2	LRFN5	LRRC48	LYAR	MAGED1	MED12	MYH2	MZF1	NLRP3	NRXN1	PARVG	PKD2L1	PKHD1L1	PMVK	PNLIP	POLR2A	PRPF39	PRSS12	PRSS12	RANBP2	RGS3	RPLP0P2	SDS	TTN	ZIC1	ZNF781	ZNF880-1	ZNF880-2	ZNF880-3
cell1	1	1	0	1	1	0	1	1	1	0	1	0	1	1	0	0	1	0	1	1	0	1	0	1	0	1	0	0	0	1	0	0	1	0	0	1	1	1	0	1	1	0	0	0	0	0	1	1	0
cell2	0	0	0	0	0	0	1	0	0	0	1	0	0	0	0	1	1	0	0	0	1	1	0	0	0	0	1	0	0	0	0	0	0	0	0	0	1	0	0	0	0	0	1	1	0	0	0	1	1
cell3	0	1	1	0	1	1	0	0	0	1	1	0	0	0	0	0	1	0	0	0	0	1	0	1	0	1	0	0	0	0	0	0	0	1	1	1	1	0	0	1	1	0	0	0	1	0	0	0	0
cell4	1	0	0	1	0	1	1	0	1	0	1	0	0	0	0	0	1	0	0	1	0	1	0	0	0	1	0	0	1	1	0	0	0	1	1	1	1	1	0	1	0	0	0	0	0	0	1	0	0
cell5	1	1	1	0	1	1	1	0	0	0	1	0	1	1	0	0	1	0	1	0	0	1	0	1	0	1	0	1	0	0	0	0	1	0	0	1	1	1	0	1	0	1	0	0	0	1	0	1	0
cell6	1	0	0	0	0	0	1	0	0	0	1	0	0	0	0	1	1	0	0	0	0	1	1	0	0	0	1	0	0	1	0	0	0	0	0	0	1	0	0	0	0	0	1	0	0	0	0	1	1
cell7	1	0	1	1	1	1	0	0	0	0	1	0	0	0	0	0	1	0	0	1	0	1	0	1	0	1	0	0	1	1	0	0	1	0	1	1	1	0	0	1	0	0	0	0	1	0	0	0	0
cell8	1	1	1	0	1	1	1	0	0	1	1	0	1	1	1	0	0	1	1	1	0	1	0	0	1	1	0	1	0	0	1	1	1	0	0	1	1	0	1	0	1	0	0	0	1	1	1	0	0
cell9	1	0	1	0	1	0	1	1	0	1	1	1	1	1	1	0	1	1	1	0	0	1	0	1	1	0	0	1	0	0	1	1	1	0	0	1	1	1	0	1	1	0	0	0	1	1	0	0	0
cell10	0	0	0	0	1	1	0	0	1	0	1	0	0	0	0	0	1	0	0	1	0	1	0	1	0	1	0	0	1	0	1	0	0	1	1	1	0	0	0	0	1	0	0	0	1	0	0	1	0
cell11	0	0	0	0	0	0	1	0	0	0	1	0	0	0	0	1	1	0	0	0	1	0	1	1	0	0	0	0	0	0	0	0	0	0	0	0	0	0	0	0	0	0	1	1	0	0	0	0	1
cell12	0	0	1	1	1	1	0	0	1	1	1	0	0	0	0	0	1	0	0	0	0	1	0	1	0	1	0	0	0	1	1	0	0	1	1	1	0	1	0	1	1	0	0	0	1	0	1	1	0
cell13	0	1	0	0	1	1	1	0	0	1	1	0	0	0	0	0	1	0	0	0	0	1	0	1	0	1	0	0	0	0	0	0	0	0	0	0	0	1	0	0	0	0	0	0	0	0	1	1	0
cell14	0	1	1	0	0	1	1	0	0	0	1	0	0	0	0	0	1	0	0	0	1	1	0	1	0	1	0	0	0	0	1	0	1	0	0	1	1	0	0	1	0	0	0	0	1	1	1	1	0
cell15	1	0	0	0	0	0	1	0	0	0	1	0	0	0	0	0	1	0	0	0	1	1	0	0	0	0	1	0	0	0	0	0	0	0	0	0	0	0	0	0	0	0	1	1	0	0	0	1	1
cell16	1	1	0	1	1	1	1	0	1	1	1	0	0	0	0	0	0	0	0	0	0	1	0	1	0	1	0	0	0	1	0	0	1	1	1	1	1	1	0	0	1	0	0	0	1	0	0	1	0
cell17	0	0	0	0	0	0	1	0	0	0	1	0	0	0	0	0	1	0	0	0	1	1	0	1	0	0	0	0	0	0	0	0	0	0	0	0	1	0	0	0	0	0	1	1	0	0	0	1	0
cell18	1	1	0	1	1	0	0	0	1	1	1	1	0	0	0	0	1	0	0	0	0	1	0	1	0	1	0	0	1	1	1	0	1	0	1	1	1	1	0	1	1	0	0	0	0	0	0	1	0
cell19	1	0	1	1	1	1	1	0	0	0	1	0	0	0	0	0	1	0	0	1	0	1	0	0	0	0	0	0	0	0	1	0	1	1	0	1	1	1	0	1	1	0	0	0	1	0	1	1	0
cell20	1	0	0	0	0	0	1	0	0	0	1	0	0	0	0	1	0	0	0	0	1	1	1	1	0	0	1	0	0	0	0	0	0	0	0	0	0	0	0	0	0	0	1	1	0	0	0	0	0
cell21	1	0	0	0	0	0	1	0	0	0	1	0	0	0	0	1	1	0	0	0	0	1	1	0	0	0	1	0	0	0	0	0	0	0	0	0	1	0	0	0	0	0	1	0	0	0	0	1	1
cell22	1	1	1	0	1	0	1	1	0	1	1	1	1	1	0	0	1	1	1	0	0	0	0	0	1	0	0	1	0	0	1	1	1	0	0	1	1	1	0	0	1	0	0	0	1	1	1	1	0
cell23	0	0	1	0	0	1	0	0	0	0	1	0	0	0	0	0	1	0	0	0	0	0	0	0	0	1	0	1	0	0	0	0	0	0	0	0	0	0	0	0	0	1	0	0	0	0	0	0	0
cell24	1	1	0	0	1	0	0	0	0	0	1	1	0	0	1	0	1	1	0	1	0	1	0	0	1	1	0	0	0	0	0	1	0	0	0	1	0	0	0	1	1	0	0	0	1	0	1	1	0
cell25	1	0	0	0	0	1	1	0	0	0	1	0	0	0	0	1	0	0	0	0	1	1	0	0	0	0	1	0	0	0	0	0	0	0	0	0	1	0	0	0	0	0	0	1	0	0	0	1	1
cell26	1	0	1	0	1	0	0	0	0	1	1	1	1	1	1	0	1	0	1	1	0	1	0	0	1	0	0	1	0	0	0	1	0	0	0	1	0	0	1	1	1	1	0	0	1	1	0	1	0
cell27	1	0	0	1	0	1	0	0	1	1	1	0	0	0	0	0	1	0	0	1	0	0	0	0	0	1	0	0	1	1	1	0	1	1	0	1	1	1	0	1	1	0	0	0	1	1	0	1	0
cell28	1	0	1	1	1	1	0	0	1	1	1	0	0	0	0	0	1	0	0	0	0	1	0	1	0	1	0	0	0	1	0	0	1	1	1	1	1	1	0	1	0	0	0	0	0	0	1	1	0
cell29	1	1	1	0	1	1	0	0	1	1	1	0	1	1	0	0	0	1	1	1	1	1	0	1	1	1	0	0	0	1	1	0	1	1	1	1	1	1	0	0	1	1	0	0	1	0	0	0	0
cell30	1	1	0	1	1	0	0	0	1	1	1	0	0	0	0	0	1	0	0	0	0	0	0	1	0	1	0	0	1	1	0	0	1	1	1	1	0	1	0	1	0	0	0	0	1	0	1	0	0
cell31	0	0	0	0	0	0	0	0	0	0	1	0	0	0	0	1	1	0	0	0	1	1	1	1	0	0	0	0	0	0	0	0	0	0	0	0	1	0	0	0	0	0	1	0	0	0	0	1	1
cell32	1	0	0	0	0	0	0	0	0	0	1	0	0	0	0	1	1	0	0	0	1	0	1	0	0	0	1	0	0	0	0	0	0	0	0	0	1	0	0	0	0	0	1	1	0	0	0	0	1
cell33	1	0	1	0	1	1	1	0	0	0	1	0	0	0	0	0	1	1	0	1	0	1	0	0	0	1	0	1	0	0	0	0	1	0	0	1	1	1	1	1	1	0	0	0	1	0	1	1	0
cell34	1	0	0	0	0	0	0	0	0	0	1	0	0	0	0	1	1	0	0	0	1	0	0	1	0	0	1	0	0	0	0	0	0	0	0	0	1	0	0	0	0	0	1	1	0	0	0	1	1
cell35	0	1	1	1	1	1	0	1	0	1	1	1	1	1	1	0	1	0	1	0	0	1	0	1	1	1	0	1	0	0	0	1	1	0	0	1	1	1	1	1	0	1	0	0	1	1	1	1	0
cell36	1	1	1	1	1	1	1	0	1	0	1	0	0	0	0	0	1	0	0	0	0	1	0	0	0	1	0	0	1	1	1	0	0	1	1	1	1	1	0	1	0	0	0	0	0	1	0	1	0
cell37	1	1	1	0	1	1	1	0	0	1	1	0	1	1	0	0	1	1	1	1	0	1	0	1	1	1	0	1	0	0	0	1	0	0	0	0	1	0	0	1	0	1	0	0	1	1	0	1	0
cell38	1	1	1	1	1	1	1	0	1	1	1	0	0	0	0	0	0	0	0	1	0	0	0	1	0	1	0	0	1	1	0	0	1	0	0	1	1	1	0	1	1	0	0	0	1	0	0	1	0
cell39	1	0	0	0	0	0	1	0	0	0	1	0	0	0	0	1	1	0	0	0	0	1	1	1	0	0	1	0	0	0	0	0	0	0	0	0	1	0	0	0	0	0	1	1	0	0	0	1	0
cell40	1	1	1	0	1	1	0	1	0	1	0	1	1	1	0	0	1	0	1	1	0	1	0	1	1	1	0	1	0	0	1	1	0	0	0	1	0	0	0	0	1	1	0	0	1	1	0	1	0
cell41	0	0	0	1	1	1	1	0	1	0	0	0	0	0	0	0	1	0	0	1	0	1	0	1	0	1	0	0	1	0	0	0	1	1	1	1	1	0	0	1	1	0	0	0	1	0	1	1	0
cell42	1	1	1	0	1	1	1	0	0	1	1	1	1	1	1	0	1	1	1	0	0	1	0	1	1	1	0	0	0	0	1	1	1	0	0	1	1	1	1	0	1	0	0	0	0	0	1	1	0
cell43	0	0	0	0	0	0	1	0	0	0	1	0	0	0	0	1	0	0	0	0	0	1	1	0	0	0	1	0	0	0	0	0	0	0	0	0	0	0	0	0	0	0	1	0	0	0	0	0	0
cell44	1	0	0	0	0	1	0	0	0	0	1	0	0	0	0	1	0	0	0	0	0	1	1	0	0	0	1	0	0	0	0	0	0	0	0	0	1	0	0	0	0	0	0	1	0	0	0	1	0
cell45	1	0	0	0	0	0	1	0	0	0	1	0	0	0	0	1	1	0	0	0	0	1	1	1	0	0	1	0	0	0	0	0	0	0	0	0	0	0	0	0	0	0	1	1	0	0	0	1	1
cell46	1	1	1	0	1	1	1	0	0	1	1	1	1	1	0	0	1	1	1	0	0	1	0	1	1	0	0	1	0	0	0	1	1	0	0	1	0	1	1	1	0	1	0	0	1	1	0	1	0
cell47	1	1	0	1	1	1	1	0	1	0	1	0	0	0	0	0	1	0	0	1	0	1	0	0	0	1	0	0	1	1	1	0	0	0	1	1	1	1	0	1	1	0	0	0	0	0	1	1	0
cell48	1	1	1	1	0	0	0	0	1	1	1	0	0	0	0	0	0	0	0	1	0	1	0	1	0	0	0	0	1	1	0	0	0	1	1	1	0	1	0	1	1	0	0	0	1	0	0	0	0
cell49	1	1	0	1	1	1	1	0	0	1	1	0	0	0	0	0	1	0	0	0	0	1	0	1	0	1	0	0	1	1	1	0	1	1	0	1	1	1	0	1	0	0	0	0	1	0	1	1	0
cell50	1	1	1	0	1	0	1	1	0	1	0	1	1	1	1	0	1	1	1	1	0	1	0	0	1	0	0	1	0	0	1	0	1	0	0	1	1	1	1	0	1	1	0	0	1	0	1	1	0
cell51	1	0	0	0	0	0	1	0	0	0	1	0	0	0	0	1	1	0	0	0	1	1	1	1	0	0	1	0	0	0	0	0	0	0	0	0	0	0	0	0	0	0	1	1	0	0	0	1	1
cell52	1	1	1	0	0	0	1	0	0	0	1	1	0	0	1	0	0	1	0	0	0	1	0	1	1	1	0	1	0	0	1	1	0	0	0	1	1	1	1	1	0	1	0	0	1	1	1	0	0
cell53	0	1	1	0	0	1	1	1	0	1	0	1	0	0	0	0	1	0	0	1	0	1	0	0	1	1	1	1	0	0	1	1	0	0	0	1	0	0	1	1	0	1	1	0	0	0	1	1	0
cell54	1	0	0	0	0	0	1	0	0	0	1	0	0	0	0	1	1	0	0	0	1	0	0	1	0	0	0	0	0	0	0	0	0	0	0	0	0	0	0	0	0	0	1	1	0	0	0	1	1
cell55	0	1	1	0	1	1	1	0	0	1	0	0	0	0	0	0	1	0	0	1	0	1	0	0	0	1	0	0	0	0	1	0	0	0	0	1	1	1	0	1	0	0	0	0	0	0	1	1	0
cell56	1	1	0	0	0	1	0	1	0	0	1	1	1	1	1	0	0	0	1	1	0	1	0	1	1	1	0	1	0	0	0	1	1	0	0	1	1	0	1	1	1	1	0	0	1	0	1	1	0
cell57	0	0	1	1	0	1	1	0	1	1	1	0	0	0	0	0	1	0	0	0	0	1	0	1	0	1	0	0	1	1	0	0	0	0	0	0	1	1	0	1	0	0	0	0	1	0	1	1	0
cell58	0	0	1	0	0	1	1	0	1	1	0	0	0	0	0	0	1	0	0	0	0	0	0	1	0	1	0	0	1	1	0	0	1	1	1	1	1	1	0	1	0	0	0	0	0	0	0	0	0
cell59	1	0	0	0	0	1	1	0	0	0	1	0	0	0	0	1	0	0	0	0	0	0	0	0	0	0	1	0	0	0	0	0	0	0	0	0	0	0	0	0	0	0	1	1	0	0	0	1	1
cell60	1	1	1	1	1	1	1	0	0	1	1	0	0	0	0	0	1	0	0	1	0	1	0	1	0	1	0	0	0	1	0	0	1	1	1	1	1	1	0	1	1	0	0	0	0	0	1	1	0
cell61	1	1	1	1	0	1	1	0	0	0	1	0	0	0	0	0	1	0	0	1	0	1	0	1	0	0	0	0	1	1	1	0	0	1	1	1	0	1	0	1	0	0	0	0	1	0	1	1	0
cell62	1	0	0	0	0	0	1	0	0	0	1	0	0	0	0	1	1	0	0	0	0	0	1	1	0	0	1	0	0	0	0	0	0	0	0	0	0	0	0	0	0	0	1	0	0	0	0	1	1
cell63	1	0	1	0	1	1	1	1	0	0	1	1	0	0	1	0	1	1	0	1	0	1	0	1	1	1	0	0	0	0	0	0	1	0	0	1	1	1	0	0	1	1	0	0	1	1	1	1	0
cell64	1	1	1	1	1	1	1	0	1	0	0	0	0	0	0	0	1	0	0	0	0	1	0	1	0	0	0	0	0	1	0	0	1	1	1	1	0	1	0	1	0	0	0	0	1	0	0	0	0
cell65	1	0	0	0	0	0	0	0	0	0	1	0	0	0	0	0	0	0	0	0	0	1	1	1	0	0	1	0	0	0	0	0	0	0	0	0	0	0	0	0	0	0	1	1	0	0	0	1	1
cell66	1	0	1	0	0	1	1	0	0	1	0	1	1	1	1	0	1	0	1	0	0	1	0	1	1	1	0	1	0	0	1	1	1	0	0	0	1	0	0	1	0	1	0	1	1	1	0	0	0
cell67	1	1	1	0	0	1	1	1	0	1	1	1	1	1	0	0	1	0	1	1	0	1	0	1	1	0	0	0	0	0	1	0	0	0	0	1	0	1	1	0	1	1	0	0	1	1	0	1	0
cell68	1	1	1	0	0	1	0	0	0	1	1	1	1	1	1	0	1	1	1	1	0	1	0	1	0	1	0	0	0	0	0	1	0	0	0	1	0	1	1	1	0	1	0	0	1	0	1	1	0
cell69	1	0	1	0	0	1	0	0	0	1	0	0	0	0	1	0	1	1	0	0	0	0	0	1	1	0	0	1	0	0	1	0	0	0	0	1	0	1	1	0	0	1	0	0	0	1	0	1	0
cell70	1	1	0	1	1	0	1	0	1	0	1	0	0	0	0	0	1	0	0	1	0	1	0	1	0	1	0	0	0	1	0	0	0	1	1	1	0	1	0	0	0	0	0	0	1	0	1	0	0
cell71	1	1	1	1	1	1	1	0	0	1	1	1	1	1	0	0	1	1	1	0	0	1	0	0	1	1	0	1	0	0	1	1	1	0	0	1	0	1	0	1	1	1	1	1	1	1	1	1	0
cell72	0	1	0	1	1	1	0	0	1	0	1	0	0	0	0	0	1	0	0	0	0	1	0	0	0	1	0	0	1	1	1	0	0	1	1	1	1	1	0	1	0	0	0	0	0	0	1	0	0
cell73	1	0	0	0	0	0	0	0	0	0	1	0	0	0	0	1	1	0	0	0	1	0	1	1	0	0	1	0	0	0	0	0	0	0	0	0	1	0	0	0	0	0	0	1	0	0	0	1	1
cell74	1	1	1	1	0	1	0	0	1	1	1	0	0	0	0	0	0	0	0	1	0	1	0	1	0	1	1	0	0	1	1	0	1	1	1	1	0	1	0	1	0	0	1	1	1	1	0	1	0
cell75	1	0	1	0	1	1	0	0	0	1	1	1	0	0	1	0	1	1	1	1	0	0	0	1	1	1	0	1	0	0	0	0	1	0	0	1	1	1	0	1	0	0	0	0	0	1	1	0	0
cell76	1	1	1	0	1	1	0	0	0	1	1	0	0	0	0	0	1	0	0	0	0	0	0	1	0	1	0	0	1	0	1	0	0	1	1	1	0	1	0	1	0	0	0	0	1	0	1	1	0
cell77	1	0	0	0	0	0	1	0	0	0	0	0	0	0	0	0	1	0	0	0	0	0	1	0	0	0	0	0	0	0	0	0	0	0	0	0	0	0	0	0	0	0	1	1	0	0	0	1	0
cell78	1	1	1	1	1	1	1	0	1	1	1	0	0	0	0	0	1	0	0	1	0	1	0	1	0	1	0	0	1	1	1	0	0	1	1	1	1	1	0	1	1	0	0	0	1	0	1	0	0
cell79	0	1	1	1	1	1	1	0	1	0	1	0	0	0	0	0	0	0	0	0	0	1	0	1	0	1	0	0	1	1	1	0	1	1	1	0	1	1	0	1	0	0	0	0	1	0	0	1	0
cell80	1	0	1	0	1	1	1	0	1	1	0	0	0	0	0	0	1	0	0	1	0	1	0	1	0	1	0	0	1	1	0	0	1	0	1	1	1	1	0	0	1	0	0	0	0	0	0	1	0
cell81	0	0	0	1	0	0	1	0	0	0	0	0	0	0	0	1	1	0	0	0	0	1	1	1	0	0	1	0	0	0	0	0	0	0	0	0	1	0	0	0	0	0	0	1	0	0	0	0	1
cell82	1	1	1	0	1	1	0	0	0	0	0	0	0	0	0	0	1	0	0	1	0	1	0	1	0	0	0	0	0	0	1	0	0	0	0	1	1	1	0	1	0	0	0	0	1	0	0	1	0
cell83	1	0	1	0	1	0	0	0	0	1	1	0	0	0	0	0	1	0	1	1	0	1	0	0	0	1	0	0	0	0	1	0	0	0	0	1	1	1	0	1	0	0	0	0	1	0	0	1	0
cell84	1	0	0	0	0	0	1	0	0	0	1	0	0	0	0	1	1	0	0	0	1	1	1	1	0	0	1	0	0	0	0	0	0	0	0	0	0	0	0	0	0	0	1	0	0	1	0	1	0
cell85	1	0	1	1	0	1	0	0	1	0	1	0	0	0	0	0	1	0	0	1	0	1	0	0	0	1	0	0	1	0	1	0	1	1	1	1	1	1	0	1	0	0	0	0	0	0	1	1	0
cell86	1	1	1	0	0	0	1	0	0	1	1	1	1	1	0	0	1	1	1	1	0	1	0	1	0	1	0	1	0	0	0	0	1	0	0	1	1	1	1	1	1	1	0	0	1	1	1	1	0
cell87	0	0	0	0	0	0	0	0	0	0	1	0	0	0	0	1	0	0	0	0	0	1	1	1	0	0	1	0	0	0	0	0	0	0	0	0	1	0	0	0	0	0	0	0	0	0	0	1	1
cell88	1	1	1	0	1	1	1	0	0	1	1	0	0	0	0	0	1	0	0	0	0	1	0	0	0	1	0	0	0	0	1	0	0	1	1	1	1	1	0	1	1	0	0	0	1	0	1	1	0
cell89	1	1	1	1	1	1	0	0	1	1	1	0	0	0	0	0	0	0	0	0	0	1	0	1	0	1	0	0	0	1	1	0	0	0	0	1	1	1	0	1	1	0	0	0	1	0	1	1	0
cell90	0	0	0	0	0	0	0	0	0	0	1	0	0	0	0	1	1	0	0	1	1	1	1	1	0	0	1	0	0	0	0	0	0	0	0	0	1	0	0	0	0	0	0	1	0	0	0	1	0
cell91	0	1	0	0	1	1	1	1	0	1	1	0	1	1	1	0	1	1	1	1	0	0	0	1	1	0	0	0	0	0	0	1	1	0	0	1	0	1	0	0	1	1	0	0	1	1	0	1	0
cell92	1	1	1	0	1	1	1	1	0	1	1	1	0	0	1	0	0	0	0	1	0	1	0	1	1	1	0	0	0	0	0	1	1	0	0	0	1	1	1	0	0	1	0	0	1	1	0	1	0
cell93	1	1	1	1	1	1	0	0	1	1	0	0	0	0	0	0	1	0	0	0	0	1	0	1	0	1	0	0	1	1	1	0	1	1	1	1	1	1	0	1	1	0	0	0	1	0	1	1	0
cell94	1	0	1	0	1	1	0	0	0	0	0	0	0	0	0	0	1	0	0	0	0	1	0	1	0	1	0	0	0	0	0	0	0	0	0	1	1	1	0	1	0	0	0	0	1	0	0	0	0
cell95	0	0	0	0	0	0	0	0	0	0	1	0	0	0	0	1	1	0	0	0	0	1	0	1	0	0	1	0	0	0	0	0	0	0	0	0	1	0	0	0	0	0	1	1	0	1	0	1	1
cell96	1	1	1	0	1	1	1	0	0	1	1	0	0	0	0	0	1	0	0	1	0	1	0	0	0	1	0	0	0	0	1	0	1	0	0	1	0	1	0	1	0	0	0	0	0	0	1	1	0
cell97	1	0	1	0	1	0	1	0	0	1	1	0	0	0	0	0	0	0	0	0	0	1	0	1	0	0	0	0	0	0	0	0	1	0	0	1	0	1	0	0	1	0	0	1	0	0	1	0	0
cell98	0	1	1	0	0	1	1	0	0	1	1	1	0	0	0	0	0	1	0	0	0	1	0	0	1	0	0	0	0	0	1	0	1	0	0	0	1	0	1	0	1	1	0	0	1	0	0	1	0
cell99	0	1	1	0	1	1	1	0	0	1	1	0	0	0	0	0	1	1	0	1	0	1	0	1	0	0	0	1	0	0	1	0	1	0	0	1	1	0	0	1	0	0	0	0	1	0	1	0	0
cell100	1	1	1	1	0	1	0	0	1	1	1	0	0	0	0	0	1	0	0	1	0	1	0	1	0	1	0	0	1	0	0	0	1	1	1	1	0	1	0	1	0	0	0	0	1	0	1	1	0
cell101	1	1	0	0	1	1	1	0	0	1	1	0	0	0	0	0	1	0	0	1	0	1	0	0	0	1	0	0	0	0	0	0	1	0	0	1	1	0	0	0	1	0	0	0	0	0	0	1	0
cell102	1	1	1	0	0	1	1	1	0	1	1	1	0	0	1	0	1	1	0	0	0	1	0	0	1	1	0	1	0	0	1	0	1	0	0	1	0	1	1	1	1	1	0	0	1	1	0	1	0
cell103	1	1	1	1	1	1	1	0	1	1	1	0	0	0	0	0	0	0	0	1	0	1	0	0	0	1	0	0	1	1	0	0	1	1	1	1	0	0	0	1	0	0	0	0	1	1	1	1	0
cell104	1	1	1	0	1	1	1	1	0	0	1	1	1	1	1	0	1	1	1	1	0	1	0	1	1	1	0	1	0	0	0	1	1	0	0	1	1	1	1	1	1	1	0	0	1	1	0	0	0
cell105	0	0	1	0	0	1	0	0	0	0	1	1	1	1	0	0	1	1	1	1	0	1	0	0	0	1	0	1	0	0	1	0	1	0	0	0	1	1	1	1	0	1	0	0	1	1	1	1	0
cell106	1	1	1	0	1	1	1	0	0	1	1	0	0	0	0	0	1	0	0	1	0	1	0	1	0	1	0	0	0	0	1	0	0	1	0	1	1	1	0	1	1	0	1	0	1	0	1	1	0
cell107	1	1	1	0	1	1	0	0	0	0	1	0	0	0	0	0	1	0	0	0	0	1	0	1	0	1	0	0	0	0	1	0	1	0	0	1	1	1	0	0	1	0	0	0	1	0	1	1	0
cell108	0	0	0	0	1	1	0	0	0	1	1	1	1	1	1	0	0	0	1	0	0	1	0	1	1	1	0	1	0	0	1	1	1	0	0	1	1	1	1	1	0	1	0	0	1	0	1	1	0
cell109	0	0	0	0	0	0	1	0	0	0	1	0	0	0	0	0	1	0	0	0	1	1	0	1	0	0	1	0	0	0	0	0	0	0	0	0	1	0	0	0	0	0	1	1	0	0	0	1	0
cell110	1	0	0	0	0	0	1	0	0	0	0	0	0	0	0	1	1	0	0	0	1	0	0	1	0	0	0	0	0	0	0	0	0	0	0	0	1	0	0	0	0	0	1	1	0	0	0	1	1
cell111	0	1	1	0	0	1	0	0	0	1	1	0	1	1	0	0	0	1	1	1	0	1	0	0	1	1	0	1	0	0	1	0	1	0	0	1	1	1	0	1	0	0	0	0	0	1	1	1	0
cell112	0	1	1	0	1	1	1	1	0	1	1	0	1	1	0	0	1	0	1	1	0	1	0	1	1	0	0	1	0	0	1	1	1	0	0	1	1	1	1	0	1	0	0	0	1	1	1	1	0
cell113	0	1	1	1	1	1	1	0	0	0	1	0	0	0	0	0	1	0	0	0	0	1	0	0	0	1	0	0	0	1	0	0	0	1	1	1	0	1	0	1	0	0	0	0	0	0	0	0	0
cell114	1	1	1	0	0	1	0	0	0	0	1	0	0	0	0	0	1	0	0	0	0	1	0	1	0	1	0	0	0	0	1	0	0	0	0	1	0	1	0	1	1	0	0	0	1	0	1	1	0
cell115	1	1	1	1	1	1	1	0	0	0	1	1	1	1	0	0	1	1	1	1	0	1	0	1	1	1	0	1	0	0	1	1	1	0	0	1	1	1	0	1	0	1	0	0	1	1	1	1	0
cell116	1	1	0	1	0	1	0	0	1	1	1	0	0	0	0	0	1	0	0	0	0	1	0	0	0	1	0	0	1	1	1	0	0	1	1	0	1	1	0	1	0	0	0	0	1	0	0	1	0
cell117	1	1	1	0	1	0	1	0	0	0	1	0	0	0	0	0	1	0	0	0	0	1	0	1	0	0	0	1	0	0	0	0	1	0	0	1	1	1	0	1	1	0	0	0	1	0	0	1	0
cell118	1	1	1	0	1	1	0	0	1	1	1	0	0	0	0	0	1	0	0	1	0	1	0	1	0	1	0	0	1	1	1	0	0	0	1	0	1	1	0	1	1	0	0	0	1	0	0	0	0
cell119	1	0	1	0	1	1	0	0	0	1	0	1	1	1	0	0	0	1	1	1	0	0	0	1	1	1	0	1	0	0	1	0	1	0	0	0	0	1	1	1	1	1	0	0	1	1	1	1	0
cell120	1	1	1	1	1	0	1	0	1	1	1	0	0	0	0	0	1	0	0	1	0	1	0	1	0	1	0	0	1	1	1	0	0	1	0	1	1	1	0	1	1	0	0	0	1	0	0	1	0
cell121	1	0	0	0	0	0	0	0	0	0	1	0	0	0	0	0	0	0	0	0	1	1	0	0	0	0	1	0	0	0	0	0	0	0	0	0	1	0	0	0	0	0	1	0	0	0	0	1	0
cell122	1	1	1	1	0	0	1	0	1	0	1	0	0	0	0	0	0	0	0	1	0	1	0	1	0	1	0	0	1	1	0	0	1	1	1	0	1	1	0	1	1	0	0	0	0	0	0	0	0
cell123	0	1	1	0	1	0	0	0	0	1	1	0	0	0	0	0	1	0	0	1	0	1	0	1	0	1	0	0	0	0	0	0	0	0	0	0	1	1	0	1	1	0	0	0	0	0	0	1	0
cell124	1	1	1	1	0	1	1	0	1	0	1	0	0	0	0	0	1	0	0	1	0	1	0	0	0	0	0	0	1	1	1	0	0	1	1	1	1	1	0	1	0	0	0	0	1	0	1	0	0
cell125	0	0	1	0	0	1	0	0	0	1	0	0	0	0	0	0	1	0	0	1	0	1	0	1	0	1	0	0	0	0	0	0	1	0	0	1	1	1	0	1	1	0	0	0	1	0	0	1	0
cell126	1	1	0	0	1	1	0	1	0	1	0	0	1	1	0	0	0	1	1	1	0	1	0	1	1	0	0	1	0	0	0	1	0	0	0	1	1	1	1	0	1	1	0	0	0	1	1	1	0
cell127	1	0	1	0	1	1	1	0	0	1	1	0	0	0	1	0	1	1	1	1	0	1	0	0	0	1	0	1	0	0	0	0	0	0	0	0	0	1	0	1	1	1	0	0	1	0	1	1	0
cell128	1	1	1	0	1	1	0	1	0	1	1	1	1	1	0	0	0	1	1	1	0	1	0	1	1	0	0	1	0	0	0	0	1	0	0	1	0	1	1	0	1	1	0	0	0	0	1	1	0
cell129	0	0	1	0	1	1	0	0	1	1	1	0	0	0	0	0	1	0	0	0	0	1	0	1	0	1	0	0	1	1	0	0	0	1	1	1	1	1	0	1	0	0	0	0	1	0	0	0	0
cell130	1	0	0	1	1	1	0	0	0	1	0	0	0	0	0	0	0	0	0	0	0	1	0	0	0	1	0	0	1	1	1	0	1	1	1	1	1	1	0	1	1	0	0	0	1	0	1	1	0
cell131	1	1	0	0	1	1	0	1	0	0	1	1	1	1	1	0	1	1	1	1	0	1	0	0	0	0	0	1	0	0	1	1	0	0	0	1	1	1	0	1	1	1	0	0	1	1	0	1	0
cell132	1	1	1	0	1	1	1	1	0	1	1	1	1	1	0	0	1	1	1	1	0	1	0	1	0	1	0	1	0	0	1	0	0	0	0	1	1	1	1	0	1	1	0	0	1	1	1	1	0
cell133	1	1	1	0	0	1	1	0	0	1	1	0	0	0	0	0	0	1	0	1	0	1	0	0	0	1	0	1	0	0	1	0	0	0	0	1	0	1	1	1	1	0	0	0	0	0	1	1	0
cell134	0	1	0	0	1	1	1	0	0	1	1	0	0	0	0	0	1	0	0	1	0	1	0	1	0	0	0	0	0	0	1	0	1	0	0	1	1	0	0	1	0	0	0	0	0	0	1	1	0
cell135	1	1	1	1	1	1	1	0	1	1	1	0	0	0	0	0	1	0	0	0	0	1	0	0	0	0	0	0	1	1	1	0	1	1	0	1	1	1	0	1	0	0	0	0	1	0	1	1	0
cell136	1	1	1	0	1	1	1	0	1	1	1	0	0	0	0	0	0	0	0	1	0	1	0	1	0	1	0	0	1	0	0	0	1	1	0	1	0	1	0	1	0	0	0	0	1	0	1	1	0
cell137	1	1	0	1	1	1	0	0	0	1	1	0	0	0	0	0	1	0	0	1	0	1	0	0	0	1	0	0	1	1	1	0	1	1	1	1	1	0	0	0	0	0	0	0	1	0	1	1	0
cell138	0	1	1	1	1	1	1	0	0	0	1	0	0	0	0	0	1	0	0	1	0	1	0	1	0	1	0	0	1	1	1	0	1	1	1	1	1	1	0	1	0	0	0	0	1	0	0	0	0
cell139	1	1	1	0	0	0	1	0	0	1	1	0	0	0	0	0	1	0	0	0	0	1	0	0	0	1	0	0	0	0	1	0	1	0	0	0	1	1	0	1	1	0	0	0	1	0	0	0	0
cell140	1	1	1	0	1	1	0	0	1	0	1	0	0	0	0	0	1	0	0	0	0	0	0	1	0	1	0	0	1	1	1	0	1	0	1	1	1	1	0	0	1	0	0	0	1	0	1	0	0
cell141	0	0	0	0	0	0	1	0	0	0	1	0	0	0	0	1	1	0	0	0	1	1	0	0	0	0	0	0	0	0	0	0	0	0	0	0	0	0	0	0	0	0	1	0	0	0	0	1	1
cell142	1	1	1	0	1	1	1	0	0	0	1	0	0	0	0	0	1	1	0	0	0	1	0	1	0	1	0	0	0	0	1	0	1	0	0	1	1	0	1	1	1	0	0	0	1	0	1	1	0
cell143	1	0	1	0	1	1	1	0	0	0	1	1	0	0	0	0	0	1	0	1	0	0	0	1	1	0	0	1	0	0	1	1	1	0	0	1	1	1	1	1	0	1	0	0	1	0	0	1	0
cell144	0	0	1	0	1	1	1	1	0	1	0	1	1	1	1	0	1	1	1	0	0	1	0	1	1	0	0	1	0	0	1	1	0	0	0	0	1	1	0	0	0	1	0	0	1	0	0	1	0
cell145	0	1	1	1	0	1	1	0	0	1	1	0	0	0	0	0	0	0	0	1	0	0	0	1	0	1	0	0	1	1	1	0	1	1	1	1	1	1	0	1	0	0	0	0	1	0	0	0	0
cell146	1	0	0	0	0	0	0	0	0	0	1	0	0	0	0	1	1	0	0	0	1	1	1	1	0	0	1	0	0	0	0	0	0	0	0	0	1	0	0	0	0	0	1	1	0	0	0	0	0
cell147	1	0	0	0	0	0	1	0	0	0	1	0	0	0	0	1	1	0	0	0	0	1	0	1	0	0	1	0	0	0	0	0	0	0	0	0	1	0	0	0	0	0	1	1	0	0	0	1	1
cell148	1	1	0	1	1	1	1	0	1	0	1	0	0	0	0	0	0	0	0	0	0	0	0	1	0	1	0	0	1	0	1	0	1	1	0	0	1	0	0	1	0	0	0	0	0	0	0	0	0
cell149	0	0	0	0	0	0	0	0	0	0	1	0	0	0	0	1	1	0	0	0	0	1	1	1	0	0	0	0	0	0	0	0	0	0	0	0	1	0	0	0	0	0	1	1	0	0	0	0	0
cell150	0	1	1	1	0	1	0	0	1	1	1	0	0	0	0	0	1	0	0	1	0	1	0	1	0	1	0	0	1	0	1	0	0	1	0	1	1	0	0	0	1	0	0	0	1	0	1	0	0