cell/mut	ABI3BP	BCAM	C1orf173	DCHS1	DYNLL2	FBLIM1	MAP7D2	NRBP2	PLEC	SUSD2
cell1	1	0	1	1	0	0	1	1	1	0
cell2	1	1	1	0	1	1	0	1	1	1
cell3	1	1	1	1	1	1	1	1	1	1
cell4	0	1	1	0	0	0	1	1	0	0
cell5	0	1	1	1	1	1	1	1	1	0
cell6	0	1	1	1	1	1	1	1	1	1
cell7	1	1	1	1	0	1	0	1	1	0
cell8	0	1	1	1	1	1	1	1	1	0
cell9	1	1	1	1	1	1	1	0	1	1
cell10	1	1	1	1	1	1	1	1	1	1
cell11	1	1	1	1	1	1	1	1	1	1
cell12	1	1	1	1	0	1	1	1	0	0
cell13	1	1	1	0	1	1	1	1	1	0
cell14	0	1	1	1	1	1	0	1	1	1
cell15	0	1	0	1	1	0	1	0	1	0
cell16	1	1	1	1	0	1	0	1	1	1
cell17	1	1	1	1	1	1	1	1	1	1
cell18	1	0	0	1	1	1	1	1	1	0
cell19	1	1	0	1	1	1	1	1	1	0
cell20	0	1	1	0	1	1	1	1	1	0
cell21	1	1	0	1	0	0	0	0	1	0
cell22	1	1	1	1	1	1	1	1	1	0
cell23	1	1	0	0	1	1	1	1	1	0
cell24	1	1	0	1	1	1	1	0	0	0
cell25	1	1	1	1	1	0	1	1	1	1
cell26	1	0	0	1	1	0	1	0	1	0
cell27	1	1	1	0	0	0	1	0	1	0
cell28	0	1	1	1	1	1	1	1	1	0
cell29	0	1	1	1	1	1	1	1	1	1
cell30	0	1	1	0	1	1	1	1	1	0
cell31	1	1	1	1	0	1	1	1	1	1
cell32	1	1	1	1	1	1	1	1	1	0
cell33	1	1	1	0	0	0	1	1	1	0
cell34	1	1	0	0	1	1	1	1	1	1
cell35	1	1	1	1	1	1	1	1	1	0
cell36	1	1	1	0	1	1	1	1	1	1
cell37	1	0	1	1	0	1	1	1	1	0
cell38	1	1	1	1	1	1	0	1	1	1
cell39	1	1	1	1	1	1	1	1	1	1
cell40	1	0	1	1	1	1	1	1	0	0
cell41	1	1	1	1	0	1	1	0	1	0
cell42	1	1	0	1	1	1	1	1	1	0
cell43	1	0	1	1	1	1	1	0	1	0
cell44	1	0	0	1	0	1	0	0	1	0
cell45	1	1	1	0	1	1	1	1	1	0
cell46	1	1	1	1	0	1	1	0	1	0
cell47	1	1	0	0	1	0	1	1	1	0
cell48	1	1	1	1	1	1	1	1	1	0
cell49	0	1	1	1	0	1	0	1	1	0
cell50	1	1	1	1	1	1	1	1	0	0
cell51	1	1	1	1	1	1	0	1	1	0
cell52	1	1	1	1	1	0	1	1	0	0
cell53	1	0	1	0	0	1	1	0	1	0
cell54	0	1	1	1	1	1	1	1	1	0
cell55	1	1	1	1	1	1	0	1	1	0
cell56	1	1	1	1	1	1	1	1	1	0
cell57	1	1	1	1	1	1	1	1	1	0
cell58	0	1	1	1	1	1	1	0	1	0
cell59	1	1	1	1	1	1	1	1	1	0
cell60	1	1	1	1	0	1	1	1	1	0
cell61	1	1	1	1	1	0	1	0	1	0
cell62	1	1	1	1	1	1	1	0	1	0
cell63	1	0	1	1	0	0	0	1	1	0
cell64	1	1	1	1	1	1	1	1	1	1
cell65	0	1	1	0	1	0	1	0	1	0
cell66	1	1	1	0	1	1	1	1	1	0
cell67	0	1	0	1	1	1	1	1	1	0
cell68	1	1	0	1	1	1	1	0	0	0
cell69	0	1	1	1	1	1	0	1	1	0
cell70	1	1	1	1	1	0	1	1	0	0
cell71	1	1	1	1	1	1	1	1	1	0
cell72	1	1	1	1	1	1	0	1	1	0
cell73	1	1	0	1	1	1	1	1	0	0
cell74	1	1	1	0	1	1	1	1	1	0
cell75	1	1	1	1	1	1	1	1	1	1
cell76	1	0	0	0	0	0	0	0	0	0
cell77	0	1	1	1	0	1	1	1	1	1
cell78	1	0	0	0	0	0	0	0	0	0
cell79	1	1	0	1	0	1	1	1	1	0
cell80	1	1	1	1	1	1	1	0	1	1
cell81	0	0	0	1	1	1	1	1	0	0
cell82	1	1	1	0	1	0	1	1	1	0
cell83	1	1	1	1	1	1	0	1	1	0
cell84	1	1	1	1	1	1	1	1	1	1
cell85	1	1	1	1	0	1	1	1	1	0
cell86	1	0	1	1	1	1	1	1	1	1
cell87	1	0	0	0	0	0	0	1	0	0
cell88	1	1	1	1	0	1	0	1	1	1
cell89	1	1	1	1	1	1	1	1	1	0
cell90	0	1	1	1	1	1	1	1	1	0
cell91	1	1	1	1	1	1	1	1	1	0
cell92	0	0	0	0	0	0	0	1	0	0
cell93	1	1	1	1	1	1	0	1	1	1
cell94	1	1	1	1	0	1	0	1	0	0
cell95	1	0	0	0	0	0	0	0	0	0
cell96	1	0	1	1	1	1	1	1	1	1
cell97	0	1	1	0	1	1	1	1	1	0
cell98	1	1	1	1	1	1	1	1	0	1
cell99	0	0	0	0	0	0	0	1	0	0
cell100	0	1	1	1	1	1	1	0	0	0
cell101	1	1	1	1	1	1	1	1	1	1
cell102	1	1	1	1	0	1	1	0	1	0
cell103	1	1	1	0	1	1	1	1	1	0
cell104	1	1	1	1	1	1	1	1	1	0
cell105	1	1	0	1	1	0	1	1	1	0
cell106	1	1	1	1	1	1	1	0	1	1
cell107	1	1	1	1	1	1	1	1	0	0
cell108	0	1	1	1	1	1	1	1	1	0
cell109	1	0	1	1	1	1	1	1	0	1
cell110	0	0	1	1	1	1	1	1	0	1
cell111	1	1	0	0	1	1	1	1	0	0
cell112	1	1	0	1	1	1	1	1	0	0
cell113	1	1	1	1	1	1	1	1	1	1
cell114	1	1	1	1	1	1	1	0	1	0
cell115	1	1	1	1	1	1	1	1	1	0
cell116	0	1	1	1	1	1	1	1	1	0
cell117	1	1	1	1	1	1	1	1	1	1
cell118	1	1	1	1	0	1	1	1	1	0
cell119	0	1	1	0	1	1	1	1	0	1
cell120	1	1	0	1	1	0	0	1	1	0
cell121	0	0	1	1	0	1	1	1	1	1
cell122	0	1	1	1	1	1	1	1	1	0
cell123	0	1	0	1	1	1	1	1	1	0
cell124	1	1	1	1	1	1	0	1	0	0
cell125	0	1	1	0	1	1	0	0	0	0
cell126	1	1	1	1	1	1	1	1	0	1
cell127	1	1	1	1	1	1	1	1	1	0
cell128	0	1	1	0	1	1	1	1	0	0
cell129	1	1	1	1	1	1	1	1	1	0
cell130	0	1	1	0	1	1	1	1	1	0
cell131	1	1	1	1	1	1	1	1	1	0
cell132	0	1	1	1	1	1	1	1	0	0
cell133	1	1	1	0	1	1	1	1	1	0
cell134	1	1	1	1	1	1	1	1	1	1
cell135	0	1	1	1	0	1	1	0	1	0
cell136	1	1	1	0	1	1	1	0	1	0
cell137	1	1	0	1	1	1	1	1	1	0
cell138	1	1	1	1	0	0	1	1	1	0
cell139	0	1	1	1	1	1	1	1	1	1
cell140	1	1	1	1	1	1	0	1	0	0
cell141	1	0	1	1	1	0	1	0	1	0
cell142	1	1	0	1	1	1	0	1	0	0
cell143	1	1	1	0	0	1	1	1	1	0
cell144	1	1	1	1	1	1	1	1	1	0
cell145	1	0	0	0	1	1	1	1	1	0
cell146	1	1	1	1	1	1	1	1	1	0