cell/mut	ATRNL1	BDNF-AS	BRD7P3	CMTM8	FAM105A	FGD4	INHA	LINC00052	PCDH7	PLEC	RIMS2	RRP8	SIGLEC10	TRRAP	XPO7	ZC3H3
cell1	0	0	1	1	0	1	0	0	0	0	0	0	0	0	0	1
cell2	1	0	1	1	0	0	0	0	0	0	0	0	0	1	0	0
cell3	0	0	1	0	0	0	0	0	0	0	0	0	0	0	0	0
cell4	1	0	0	1	1	0	1	0	1	1	1	0	0	0	1	0
cell5	1	0	1	1	0	0	0	0	0	0	0	0	0	0	0	0
cell6	1	0	1	0	1	0	1	0	1	1	1	1	0	0	1	0
cell7	0	0	1	1	0	0	0	0	0	0	0	0	0	1	0	0
cell8	1	0	1	1	0	0	0	0	0	0	0	0	0	1	0	0
cell9	0	0	1	1	1	0	1	0	1	1	1	0	0	0	1	0
cell10	1	0	1	1	1	0	1	0	1	0	0	1	1	0	1	0
cell11	1	1	1	1	0	1	0	0	0	0	0	0	0	0	0	1
cell12	1	0	1	1	1	0	0	0	1	0	0	1	1	0	1	0
cell13	1	1	1	1	0	1	0	0	0	0	0	0	0	0	0	1
cell14	1	0	1	1	0	0	0	0	0	0	0	0	0	0	0	0
cell15	1	0	1	1	0	0	0	0	0	0	0	0	0	0	0	0
cell16	1	1	1	1	0	1	0	0	0	0	0	0	0	0	0	1
cell17	1	0	1	1	1	0	0	0	1	1	0	1	0	0	1	0
cell18	1	1	1	1	0	0	0	0	0	0	0	0	0	0	0	1
cell19	1	0	1	1	1	0	1	0	1	1	0	1	0	0	1	0
cell20	1	1	1	1	0	0	0	0	0	0	0	0	0	0	0	1
cell21	0	0	1	1	1	0	1	0	1	0	1	1	0	0	1	0
cell22	1	0	1	1	0	0	0	0	0	0	0	0	0	1	0	0
cell23	1	1	1	1	0	1	0	0	0	0	0	0	0	0	0	1
cell24	1	0	1	1	0	1	0	0	0	0	0	0	0	0	0	1
cell25	1	1	1	0	0	1	0	0	0	0	0	0	0	0	0	1
cell26	1	0	1	1	1	0	1	1	1	0	0	1	1	0	1	0
cell27	1	0	1	1	1	0	1	1	1	0	0	0	0	0	1	0
cell28	1	0	1	1	0	0	0	0	0	0	0	0	0	0	0	0
cell29	0	0	1	1	1	0	0	1	1	0	0	1	1	0	1	0
cell30	1	1	0	1	1	1	1	0	0	1	0	1	0	0	1	1
cell31	1	1	1	1	1	1	1	1	1	1	0	1	1	1	1	1
cell32	1	0	0	1	1	0	0	1	0	0	0	0	1	0	1	0
cell33	0	0	1	1	0	0	0	1	1	0	0	1	1	0	1	0
cell34	1	0	1	1	0	0	0	0	0	0	0	0	0	0	0	0
cell35	1	1	1	1	0	0	0	0	0	0	0	0	0	0	0	1
cell36	1	0	1	1	1	0	1	0	1	1	0	1	0	0	0	0
cell37	1	0	1	1	0	0	0	0	0	0	0	0	0	0	0	0
cell38	1	1	1	1	0	1	0	0	0	0	0	0	0	0	0	1
cell39	1	1	1	1	0	0	0	0	0	0	0	0	0	0	0	1
cell40	0	0	1	1	1	0	1	1	1	0	0	1	1	0	1	0
cell41	0	0	1	1	0	0	0	0	0	0	0	0	0	1	0	0
cell42	1	0	1	1	1	0	1	0	1	1	1	1	0	0	1	0
cell43	0	0	0	0	1	0	0	0	0	0	0	0	0	0	0	0
cell44	0	0	1	1	0	0	0	0	0	0	0	0	0	1	0	0
cell45	1	1	0	1	0	0	0	0	0	0	0	0	0	0	0	1
cell46	1	0	1	1	0	0	0	0	1	1	0	0	0	0	1	0
cell47	1	0	1	1	1	0	1	0	1	0	0	0	0	0	0	0
cell48	1	0	1	0	0	0	0	0	0	0	0	0	0	1	0	0
cell49	1	1	0	0	0	1	0	0	0	0	0	0	0	0	0	1
cell50	1	0	1	0	1	0	1	0	1	1	0	1	0	0	1	0
cell51	1	1	1	1	1	0	1	0	1	0	0	1	1	0	1	0
cell52	1	0	1	1	1	0	1	0	1	1	1	0	0	0	1	0
cell53	1	1	1	1	0	0	1	0	0	0	0	0	0	0	1	1
cell54	1	0	1	1	1	0	1	1	1	0	0	1	1	1	1	0
cell55	0	1	0	1	0	0	0	0	0	0	0	0	0	0	0	1
cell56	1	1	1	1	1	0	1	1	1	0	0	1	0	0	0	0
cell57	0	0	1	1	1	0	1	0	1	0	1	1	0	0	1	0
cell58	0	1	0	1	0	1	0	0	0	0	0	0	0	0	0	1
cell59	1	1	0	1	0	1	0	0	0	0	0	0	0	0	0	1
cell60	1	0	1	0	1	0	1	0	1	0	0	1	1	0	1	0
cell61	1	0	0	1	1	0	1	0	1	1	1	1	0	0	0	0
cell62	1	1	1	1	0	1	0	0	0	0	0	0	0	0	0	1
cell63	1	0	0	1	0	0	1	1	1	0	0	0	1	0	1	0
cell64	1	0	1	1	0	0	0	0	1	0	0	0	0	0	0	0
cell65	1	1	1	1	1	1	1	1	1	1	1	1	1	1	1	1
cell66	1	1	0	1	0	1	0	0	0	0	0	0	0	0	0	1
cell67	1	0	1	1	0	0	0	0	0	0	0	0	0	0	0	0
cell68	0	0	1	1	0	0	0	0	0	0	0	0	0	0	0	0
cell69	1	0	1	1	0	0	0	0	0	0	0	0	0	0	0	0
cell70	1	0	1	1	0	1	0	0	0	0	0	0	0	0	0	1
cell71	1	1	1	1	0	1	0	0	0	0	0	0	0	0	0	1
cell72	1	0	1	1	1	0	1	0	1	1	1	1	0	0	1	0
cell73	1	0	1	1	0	1	0	0	0	0	0	0	0	0	0	1
cell74	1	0	1	1	0	0	1	0	1	0	1	1	0	0	1	0
cell75	0	1	0	1	1	0	1	0	1	0	1	1	0	0	1	0
cell76	1	1	0	1	1	0	1	1	1	0	0	1	1	0	0	0
cell77	1	1	0	1	0	0	0	0	0	0	0	0	0	0	0	0
cell78	1	1	1	0	0	1	0	0	0	0	0	0	0	0	0	1
cell79	1	0	1	1	1	0	1	0	1	0	1	0	0	0	0	0
cell80	1	0	0	1	1	0	1	0	1	1	1	1	0	0	1	0
cell81	1	0	1	1	0	0	0	0	1	0	0	0	0	0	0	1
cell82	1	0	0	0	0	0	0	0	0	0	0	0	0	0	0	1
cell83	0	0	0	1	1	0	1	1	1	0	0	1	0	0	0	1
cell84	0	0	0	0	0	0	0	0	0	1	0	0	0	0	0	0
cell85	1	0	1	1	0	0	0	0	0	0	0	0	0	0	0	0
cell86	1	0	1	1	1	0	1	1	1	0	0	1	0	0	1	0
cell87	1	0	1	1	1	0	1	0	1	1	1	1	0	0	1	0
cell88	1	1	1	0	0	1	0	0	0	1	0	0	0	0	0	1
cell89	0	1	1	1	0	1	0	0	0	0	0	0	0	0	0	0
cell90	1	1	1	1	1	0	0	0	0	0	0	0	0	0	0	1
cell91	1	1	1	1	0	1	0	0	0	0	0	0	0	0	0	1
cell92	1	0	1	1	1	0	1	0	1	1	1	0	0	0	1	0
cell93	1	0	1	1	0	0	0	0	0	0	0	0	0	0	0	0
cell94	1	0	1	0	1	0	1	1	1	0	0	1	1	0	1	0
cell95	0	0	0	0	1	0	1	0	1	1	0	1	0	0	1	0
cell96	1	0	1	1	1	0	1	0	0	1	0	1	0	0	0	0
cell97	0	0	0	1	0	1	0	0	0	0	0	0	0	0	0	1
cell98	1	0	1	1	1	0	1	0	1	1	1	1	0	0	1	0
cell99	1	1	1	0	0	0	0	0	0	0	0	0	0	0	0	1
cell100	0	0	1	1	0	0	0	0	0	0	0	0	0	0	0	0
cell101	0	0	1	1	1	0	1	0	1	1	1	1	0	0	1	0
cell102	1	0	0	1	0	0	1	0	1	1	1	1	0	0	0	0
cell103	1	0	0	1	0	0	0	0	0	0	0	0	0	1	0	0
cell104	1	1	1	1	0	1	1	0	0	0	0	0	0	0	0	1
cell105	1	0	0	1	1	0	1	0	1	1	0	1	0	0	0	0
cell106	1	0	1	1	1	0	1	1	1	0	0	1	1	0	1	0
cell107	1	1	0	1	0	1	0	0	0	0	0	0	0	0	0	1
cell108	0	0	1	1	0	0	0	0	0	0	0	0	0	0	0	0
cell109	1	1	1	1	0	1	0	0	0	0	0	0	0	0	0	1
cell110	1	0	1	1	0	0	0	0	0	0	0	0	0	0	0	0
cell111	1	0	1	0	0	0	1	0	0	1	1	0	0	0	0	0
cell112	1	0	1	1	1	0	1	1	1	0	0	1	1	0	1	0
cell113	1	0	0	1	1	0	1	1	1	0	0	0	1	0	1	0
cell114	1	0	1	1	1	0	1	0	1	0	0	1	0	0	0	0
cell115	1	0	1	1	0	0	0	0	0	0	0	0	0	0	0	0