cell/mut	BBS4	CAMSAP1	DOCK3	EPHA10	EYA4	HIPK4	HIST1H2AG	INTS8	MAL2	MYOM3	OAZ3	PPIG	PTPRQ	RGS11	RYR3	SERPINF2	SMOC1	TTN	TUFT1	ZNF540
cell1	1	0	1	1	0	1	1	1	1	1	1	1	1	1	1	0	0	1	1	1
cell2	1	1	1	1	1	0	0	0	0	1	0	1	0	0	0	1	0	1	1	1
cell3	1	1	0	1	0	0	0	0	0	1	0	1	0	0	0	0	0	1	1	1
cell4	0	0	0	0	0	1	1	1	1	0	1	0	1	1	0	0	1	0	1	0
cell5	1	0	1	0	1	1	1	1	1	1	1	0	1	0	1	1	1	0	1	1
cell6	0	1	1	0	0	0	0	0	0	1	0	1	0	0	0	0	0	1	1	1
cell7	0	0	0	0	0	1	1	1	1	0	1	0	1	1	1	0	1	0	1	1
cell8	0	0	0	0	0	1	1	1	1	0	1	0	1	1	0	0	1	0	1	1
cell9	1	1	1	1	0	1	1	1	1	1	1	0	1	1	1	1	1	1	1	1
cell10	0	0	0	0	0	1	1	1	1	0	1	0	1	1	1	0	0	0	1	1
cell11	0	1	1	0	0	0	0	0	0	0	0	1	0	0	0	1	0	0	1	1
cell12	0	0	0	0	0	1	1	1	1	0	1	0	1	1	1	0	0	0	1	1
cell13	1	1	0	1	1	0	0	0	0	1	0	1	0	0	0	1	0	1	1	0
cell14	0	0	0	0	0	1	1	1	1	0	1	0	1	0	0	0	1	0	1	1
cell15	1	1	1	1	1	0	0	0	0	1	0	1	0	0	0	1	0	1	1	1
cell16	1	1	1	1	1	0	0	0	0	1	0	1	0	0	0	1	0	1	1	1
cell17	0	0	0	0	0	0	0	1	0	0	0	0	0	1	1	0	0	0	1	0
cell18	0	0	0	0	0	0	1	1	1	0	0	0	1	1	1	0	0	0	1	0
cell19	0	0	0	0	0	1	0	1	1	0	1	0	1	1	0	0	1	0	1	0
cell20	0	0	0	0	0	1	1	1	0	0	1	0	1	1	0	0	0	0	1	1
cell21	0	1	1	1	0	0	0	0	0	0	0	0	0	0	0	1	0	0	1	1
cell22	1	1	1	1	1	0	0	0	0	1	0	1	0	0	0	1	0	1	1	1
cell23	1	1	1	1	1	0	0	0	0	1	0	1	0	0	0	1	0	1	0	1
cell24	1	1	1	1	1	0	0	0	0	1	0	1	0	0	0	1	0	1	1	1
cell25	0	0	0	0	0	1	0	1	1	0	1	0	0	1	1	0	1	0	1	1
cell26	0	0	1	1	0	1	0	0	0	0	0	0	0	0	0	0	0	0	1	1
cell27	1	1	1	1	1	0	0	0	0	1	0	1	0	0	0	1	0	1	1	1
cell28	1	1	1	1	1	0	0	0	0	0	0	1	0	0	0	1	0	1	1	1
cell29	0	1	1	0	1	0	0	0	0	1	0	1	0	0	0	1	0	0	0	0
cell30	0	0	0	0	0	1	1	1	1	0	1	0	1	1	0	0	1	0	1	1
cell31	0	0	0	0	0	0	1	1	1	0	1	0	1	1	1	0	1	0	1	1
cell32	1	1	1	1	1	1	1	0	1	1	0	1	0	1	0	1	1	1	1	1
cell33	0	0	0	0	0	1	1	1	0	0	0	0	1	1	1	0	1	0	1	0
cell34	0	0	0	0	0	0	0	1	1	0	1	0	1	1	0	0	1	0	1	1
cell35	0	0	0	0	0	1	0	1	1	0	1	0	1	1	1	0	0	0	1	0
cell36	0	0	0	0	0	1	1	0	1	0	1	0	0	1	1	0	1	0	1	1
cell37	0	1	1	1	1	0	0	0	0	0	0	1	0	0	0	1	0	0	1	1
cell38	0	0	0	0	0	1	1	1	1	0	0	0	1	1	0	0	1	0	1	1
cell39	0	0	0	1	0	0	0	0	0	0	0	1	0	0	0	1	0	1	1	1
cell40	1	0	0	0	0	1	1	1	1	1	1	1	1	1	1	1	1	1	1	1
cell41	0	0	0	0	0	1	1	1	1	0	1	0	1	1	0	0	1	0	1	1
cell42	1	1	1	0	0	0	1	0	0	1	0	1	0	0	0	1	0	1	0	0
cell43	1	1	0	1	0	0	0	1	0	1	0	1	0	0	0	1	0	1	1	1
cell44	1	1	1	1	1	0	0	0	0	1	0	1	0	0	0	1	0	1	1	1
cell45	0	0	0	0	0	1	0	1	1	0	1	0	1	1	0	0	0	0	1	1
cell46	0	0	0	0	0	1	1	1	1	0	0	0	0	0	0	0	1	0	1	1
cell47	0	1	1	1	1	0	0	0	0	1	0	1	0	0	0	1	0	1	1	1
cell48	1	1	1	1	1	1	1	0	1	1	0	1	1	0	1	1	1	1	1	1
cell49	1	1	1	1	1	0	0	0	0	1	0	1	0	0	0	1	0	1	1	1
cell50	0	0	0	1	0	1	1	1	1	0	1	0	1	1	0	1	1	1	1	1
cell51	1	1	1	1	1	1	0	1	1	0	0	1	1	1	1	1	1	0	1	1
cell52	0	0	0	0	0	1	1	1	1	0	1	0	0	1	0	0	1	0	0	1
cell53	0	0	0	0	0	1	1	1	0	0	1	0	1	1	0	0	1	0	1	1
cell54	1	1	1	1	1	0	0	0	0	1	0	1	0	0	0	1	0	1	1	1
cell55	1	0	0	0	1	0	0	0	0	0	0	1	0	0	0	0	0	1	0	1
cell56	1	1	1	1	1	0	0	0	0	1	0	0	0	0	0	1	0	1	1	1
cell57	0	0	0	1	1	1	0	0	1	1	1	0	0	1	1	1	0	1	1	1
cell58	0	0	0	0	0	0	1	0	1	0	0	0	1	1	0	0	0	0	1	0
cell59	1	1	1	1	1	0	0	0	0	1	0	1	0	0	0	1	0	1	1	1
cell60	1	1	1	0	0	0	0	0	0	1	0	1	0	0	0	1	0	1	1	1
cell61	1	1	1	1	1	0	0	0	0	1	0	1	0	0	0	1	0	1	1	1
cell62	1	0	0	1	1	1	1	1	0	0	1	1	1	1	1	1	1	0	1	1
cell63	1	1	1	1	1	0	0	0	1	1	1	1	1	0	0	0	0	1	1	1
cell64	0	0	0	0	0	1	0	1	1	0	1	0	1	0	0	0	1	0	0	1
cell65	0	1	1	1	0	0	0	0	0	1	0	0	0	0	0	0	0	1	1	1
cell66	1	1	1	1	1	0	0	0	0	1	0	1	0	0	0	1	0	1	1	1
cell67	1	1	1	1	0	0	0	0	0	1	1	1	0	0	0	1	0	1	0	1
cell68	0	0	1	1	1	0	0	0	0	0	0	1	0	0	0	0	0	0	1	1
cell69	1	1	1	1	1	0	1	0	0	1	0	0	0	0	0	1	0	1	1	1
cell70	0	0	0	0	0	1	1	1	1	0	1	0	0	1	1	0	1	0	1	1
cell71	1	0	0	0	0	1	1	1	1	0	1	0	1	1	1	1	1	0	1	1
cell72	1	1	1	1	1	0	0	0	0	0	0	1	0	0	0	1	0	1	1	1
cell73	0	0	0	0	0	0	0	1	0	0	1	0	1	0	1	0	0	0	1	1
cell74	0	0	0	0	0	1	1	0	1	0	1	0	1	0	0	0	1	0	1	0
cell75	0	1	1	1	0	0	0	0	0	1	0	1	0	0	0	0	0	1	0	1
cell76	1	1	0	1	1	1	1	1	1	1	1	1	1	1	0	0	1	0	1	1
cell77	0	1	1	1	0	0	0	0	0	0	0	1	0	0	0	0	0	0	0	0
cell78	1	1	0	1	1	0	0	0	0	1	0	1	0	0	0	1	0	1	1	1
cell79	0	0	1	0	0	1	0	0	1	0	1	1	0	0	1	1	0	0	1	1
cell80	0	1	1	0	0	0	0	0	0	0	0	1	0	0	0	0	0	0	1	0
cell81	1	1	0	0	0	0	0	0	0	0	0	1	0	0	0	1	0	1	1	0
cell82	1	1	1	1	1	0	0	0	0	1	0	1	0	0	0	1	0	1	1	1
cell83	1	1	1	1	1	0	0	0	0	1	0	1	0	0	0	1	0	1	1	1
cell84	0	0	0	0	0	1	1	1	1	0	1	0	1	1	0	0	1	0	1	1
cell85	0	0	0	0	0	1	1	1	0	0	0	0	0	1	1	0	1	0	1	1
cell86	0	1	1	1	0	0	0	1	1	0	1	0	1	1	0	1	1	1	1	1
cell87	0	0	0	0	0	0	1	0	1	0	1	0	0	1	0	0	1	0	1	1
cell88	0	0	0	0	0	1	1	0	0	0	1	0	1	1	0	0	0	0	1	1
cell89	0	0	0	0	0	0	1	0	1	0	1	0	1	0	0	0	1	0	1	1
cell90	0	0	0	0	0	1	1	1	1	0	1	0	0	1	1	0	1	0	1	1
cell91	1	0	1	1	0	0	0	1	1	1	1	0	1	0	0	1	1	0	1	1
cell92	1	1	1	1	1	0	0	0	0	1	0	1	0	0	0	1	0	1	1	1
cell93	0	0	0	1	1	0	0	1	0	1	0	1	1	0	1	1	0	1	0	1
cell94	0	0	0	1	0	1	1	1	1	0	1	0	1	1	1	0	1	0	1	0
cell95	0	0	0	0	0	1	1	1	1	0	1	0	1	1	0	0	1	0	0	1
cell96	0	0	0	0	0	1	1	1	1	0	1	0	0	1	0	0	1	0	1	1
cell97	0	0	0	0	0	0	1	0	1	0	1	0	1	0	0	0	1	0	1	1
cell98	1	0	1	1	0	0	0	0	0	1	0	1	1	1	0	1	0	1	1	1
cell99	1	0	1	1	0	0	0	0	0	1	0	1	0	0	0	1	0	1	1	1
cell100	0	0	0	0	0	1	1	1	1	0	1	0	1	1	0	0	1	0	1	1
cell101	1	1	1	1	1	1	1	1	1	1	1	1	1	1	1	1	0	0	1	1
cell102	1	1	1	1	1	1	0	1	1	1	1	1	1	1	1	1	1	1	1	1
cell103	1	1	0	1	0	0	0	0	0	1	0	1	0	0	0	1	0	0	1	0
cell104	1	1	1	1	0	0	0	0	0	1	0	1	0	0	0	1	0	1	1	1
cell105	1	1	0	1	1	0	0	0	0	1	0	1	0	0	0	1	0	1	1	1
cell106	1	1	1	1	1	0	0	0	0	1	0	1	0	0	0	1	0	1	1	1
cell107	1	0	1	0	0	1	1	1	1	1	1	0	1	1	0	1	0	0	1	1
cell108	0	0	0	0	0	1	1	1	1	0	1	0	1	1	0	0	1	0	1	1
cell109	0	0	0	0	0	1	1	1	1	0	1	0	1	1	1	0	1	0	0	1
cell110	0	0	0	0	0	0	0	0	0	1	0	0	0	0	0	0	0	0	0	0
cell111	1	1	0	1	0	0	0	0	0	1	0	1	0	0	0	0	0	1	1	1