cell/mut	ADH7	ANP32A-IT1	APOOL	ARAF	BRWD3	BTBD11	BTN3A1	C17orf76-AS1	C1QL4	C1R	CCDC15	CCDC97	CES3	COBLL1	COL5A2	CP	CPEB2	CUX1	DDX19A	DFNB31	DGCR8	DOCK5	DOCK5	DST	F5	FAM47B	FAT1	FGD6	FGF3	FRZB	GALNT13	GJA5	IARS2	IKBKB	IL1RL1	ITPKB	KLRF1	KRAS	LEPROT	LINC00602	MANBA	MATR3	MAU2	NAMPT	NBPF10	NHS	NOM1	OR6B3	PAK7	PER2	PLK2	PNCK	PPM1F	PPP1R3E	PPP4R4	RAPGEF5	RNF180	SDPR	SEMA6A	SERPINA1	SERPINB11	SH3BP1	SIGLEC11	SLC7A9	SORL1	SRGN	SYN1,TIMP1	TBX22	THRAP3	TMEM87A	TRHR	TSHZ2	TSIX	TUG1	VAX1	VWDE	ZNF568	ZNF813
cell1	1	0	0	1	1	1	0	0	0	1	1	1	0	1	1	1	0	0	1	0	1	1	1	0	1	1	0	0	1	0	1	1	1	0	1	1	0	1	0	1	0	1	0	0	0	1	0	1	1	0	1	0	0	0	0	1	0	1	1	1	1	1	0	0	1	1	0	0	0	0	0	0	1	1	1	1	1	0
cell2	0	0	0	1	0	0	1	1	0	1	1	1	0	0	1	0	0	0	0	0	1	1	1	0	0	0	0	0	0	0	1	1	1	0	1	1	0	1	0	1	0	1	1	0	1	1	0	1	1	1	0	0	0	0	0	1	0	1	1	1	1	1	0	0	0	0	0	0	0	0	0	1	0	1	1	1	1	0
cell3	1	0	0	0	1	0	1	1	1	0	1	1	1	1	1	1	0	0	1	0	1	1	1	0	0	1	0	0	1	0	1	1	1	0	1	1	1	1	0	0	0	1	0	0	0	1	0	1	1	0	0	0	0	0	0	1	0	1	1	0	1	1	0	0	0	1	0	0	0	0	0	0	1	1	0	1	1	0
cell4	0	0	0	1	0	0	1	1	1	0	0	1	0	0	1	0	0	0	0	0	1	0	0	1	0	1	0	0	1	0	1	1	0	0	1	1	0	1	1	1	0	1	0	0	1	1	0	0	1	1	0	1	1	1	1	1	0	1	0	0	1	1	0	1	1	1	0	0	0	0	1	1	0	1	1	1	0	0
cell5	1	1	0	1	1	1	1	0	0	1	1	0	0	1	0	1	1	1	0	0	1	1	0	0	0	1	0	1	1	0	0	1	1	0	0	0	1	0	0	1	0	1	1	0	0	0	0	1	1	1	0	0	0	0	0	1	0	0	1	0	1	1	1	0	0	0	0	0	0	0	0	1	0	0	1	1	0	0
cell6	1	1	1	1	1	0	1	1	0	1	1	0	1	1	1	1	0	1	1	0	0	1	1	0	0	1	0	1	0	0	1	1	1	0	1	1	0	0	0	0	0	0	1	0	0	1	0	1	1	1	1	0	0	0	0	0	0	1	1	0	1	1	0	0	0	1	0	0	0	0	0	1	1	0	0	0	1	0
cell7	0	0	0	1	0	1	1	1	1	1	1	0	0	1	1	1	0	0	0	1	1	0	1	1	0	0	1	0	1	1	1	1	0	1	1	1	1	0	1	1	1	1	0	1	1	1	0	1	1	1	1	0	1	1	1	1	1	1	0	1	1	0	0	1	1	1	0	0	1	1	1	0	0	1	1	1	1	0
cell8	1	1	1	0	1	1	1	1	0	1	1	1	1	0	0	0	0	1	1	0	1	0	1	0	0	0	0	1	1	0	0	1	1	0	0	1	0	1	0	1	0	1	0	0	1	0	1	0	1	0	1	0	0	0	0	0	0	1	1	0	0	0	1	0	0	0	0	1	0	0	0	1	1	0	0	1	1	0
cell9	0	1	1	1	0	1	1	0	0	0	1	0	1	1	1	1	0	1	1	0	1	1	1	0	0	0	0	1	0	0	1	0	1	0	1	1	0	0	0	0	0	1	1	0	0	0	1	0	1	0	1	0	0	0	0	1	0	1	0	0	1	0	1	0	0	1	0	1	0	0	0	1	1	1	1	1	1	0
cell10	0	0	0	1	0	0	1	1	1	1	0	0	0	1	0	1	0	0	0	1	1	1	1	0	0	1	0	0	1	1	1	1	1	1	0	1	1	1	0	0	1	1	0	1	1	1	0	0	1	1	0	1	1	0	1	1	0	1	1	1	1	1	0	0	1	1	0	0	1	1	1	1	0	0	0	1	1	0
cell11	0	0	0	1	0	1	1	1	1	1	1	1	0	1	0	1	0	0	0	1	1	1	0	1	0	1	1	0	1	1	1	1	1	1	1	1	1	1	1	1	1	1	0	1	1	1	0	1	1	1	1	1	1	1	1	1	1	1	1	1	1	1	0	1	1	1	1	0	1	1	1	1	0	1	1	1	0	1
cell12	0	0	0	1	0	1	0	1	1	0	0	0	0	1	1	0	0	0	0	0	1	1	1	1	0	1	0	0	0	0	1	0	1	1	1	0	0	1	1	1	1	1	0	1	1	1	0	1	0	0	0	1	1	1	1	0	0	1	1	0	1	1	0	0	0	0	1	0	1	1	0	0	0	0	1	1	1	0
cell13	1	1	0	1	1	1	1	1	0	1	1	1	1	0	0	1	0	1	1	0	1	1	1	0	1	1	0	1	1	0	1	1	1	0	1	1	1	1	0	1	0	0	0	0	1	0	0	1	1	0	1	0	0	0	0	0	0	1	1	0	1	1	1	0	0	1	0	1	0	0	0	0	1	1	1	1	1	0
cell14	0	1	1	1	1	1	1	1	0	1	1	1	1	1	1	0	1	1	1	0	1	1	1	0	0	1	0	1	0	0	1	1	1	0	1	1	1	1	0	1	0	1	0	0	1	0	0	1	1	1	0	0	0	0	0	1	0	1	1	0	1	1	1	0	0	1	0	1	0	0	0	1	1	1	1	1	1	0
cell15	0	0	0	1	0	1	1	1	1	1	0	1	0	1	0	1	0	0	0	0	0	1	1	1	0	1	0	0	0	1	0	1	1	1	1	1	1	1	1	1	1	1	0	1	0	1	0	1	1	1	1	1	1	1	1	1	1	1	1	1	1	1	0	1	1	0	1	0	1	1	1	0	0	0	0	1	0	1
cell16	0	0	0	1	0	1	1	1	0	1	1	1	0	1	0	1	0	0	0	1	1	1	1	1	0	0	1	0	1	0	1	1	1	1	1	1	1	1	1	1	1	1	0	1	1	0	0	1	0	0	1	1	1	1	1	1	1	1	0	1	1	1	0	0	1	1	1	0	1	1	1	1	0	1	0	1	1	1
cell17	0	0	0	0	0	0	1	1	0	1	0	0	0	0	0	1	0	0	0	1	1	1	0	1	0	1	1	0	1	0	1	1	1	1	1	1	1	1	1	0	1	1	0	1	1	1	0	1	1	1	1	1	1	0	1	1	0	0	1	1	1	0	0	1	1	1	1	0	1	1	1	0	0	0	0	1	1	1
cell18	1	0	0	1	0	0	1	0	0	1	1	1	1	1	1	0	0	0	1	0	1	1	1	0	0	1	0	1	1	0	1	1	0	0	1	1	0	1	0	1	0	1	1	1	1	0	0	1	0	1	1	0	0	1	0	1	0	1	0	0	1	1	1	0	0	1	0	1	0	0	0	0	1	1	1	1	1	0
cell19	0	1	0	1	1	1	1	0	0	1	0	1	1	1	0	1	0	1	0	0	1	1	0	0	1	1	0	1	0	0	1	0	1	0	1	1	0	1	0	1	0	1	1	0	1	1	1	1	1	0	1	0	0	0	0	1	0	1	1	0	1	1	1	0	0	1	0	1	0	0	0	0	1	0	1	1	1	0
cell20	0	0	0	0	0	0	1	0	0	1	0	1	0	1	0	0	0	0	0	0	0	0	0	0	0	1	0	0	0	0	0	0	1	0	0	0	1	0	0	0	0	0	0	0	0	0	0	0	1	0	0	0	0	0	0	0	0	0	0	0	0	1	0	0	0	0	0	0	0	0	0	0	0	1	0	0	1	0
cell21	0	1	1	1	1	1	1	0	0	0	1	0	1	1	1	0	0	1	1	0	1	1	1	0	0	1	0	1	1	0	1	1	1	0	1	0	1	1	0	1	0	1	1	0	0	1	1	1	1	0	1	0	0	0	0	1	0	0	1	0	1	0	1	0	0	1	0	1	0	0	0	0	1	0	1	1	0	0
cell22	1	0	0	1	1	1	1	1	0	1	1	0	1	1	1	1	0	0	1	0	1	1	1	0	1	0	0	0	0	0	1	1	1	0	1	1	0	0	0	0	0	1	1	1	1	1	1	0	1	1	1	0	0	1	0	0	0	0	1	0	1	1	1	0	0	1	0	1	0	0	0	1	0	1	1	1	0	0
cell23	0	0	0	1	0	1	1	1	1	1	1	1	0	1	0	1	0	0	0	1	1	1	1	0	0	1	1	0	1	1	1	1	0	1	1	0	1	1	1	1	1	1	0	1	1	0	0	0	1	0	0	1	1	1	1	1	1	0	1	1	1	1	0	0	1	0	1	0	1	0	1	1	0	1	1	1	0	1
cell24	0	0	0	0	0	0	1	0	0	1	0	1	0	0	0	0	0	0	0	0	0	1	0	0	0	1	0	0	0	0	0	0	0	0	0	0	0	0	0	0	0	0	0	0	0	1	0	1	1	0	0	0	0	0	0	1	0	0	0	0	0	1	0	0	0	0	0	0	0	0	0	0	0	1	0	0	1	0
cell25	0	1	0	1	0	1	1	1	0	1	1	0	1	0	0	1	0	1	1	0	1	1	1	0	1	0	0	1	0	0	1	1	1	0	0	0	1	1	0	0	0	1	1	0	1	0	1	1	1	1	0	0	0	0	0	1	0	1	0	0	1	1	1	0	0	1	0	0	0	0	0	1	0	1	1	0	1	0
cell26	0	0	0	1	0	1	1	0	1	1	1	1	0	1	1	0	0	0	0	1	1	0	0	0	0	1	0	0	1	1	1	1	0	1	0	1	1	1	1	1	0	0	0	0	1	1	0	0	1	1	1	1	1	1	1	0	1	1	1	1	1	1	0	0	1	1	0	0	0	0	1	1	0	1	1	1	1	0
cell27	0	0	0	1	0	1	1	1	1	1	0	1	0	1	0	0	0	0	0	0	1	1	1	1	0	1	1	0	0	0	1	0	0	1	0	1	1	1	1	0	1	1	0	1	1	0	0	1	1	1	1	1	1	1	0	1	0	1	0	0	0	1	0	1	1	1	1	0	1	1	1	1	0	1	1	1	0	0
cell28	1	1	0	1	1	1	1	1	0	0	1	0	1	1	1	1	0	0	1	0	1	1	1	0	1	0	0	0	1	0	0	1	1	0	1	1	1	1	0	1	0	1	1	0	1	1	1	1	1	1	0	0	0	0	0	1	0	1	1	0	1	1	1	0	0	1	0	0	0	0	0	1	1	0	1	1	0	0
cell29	0	0	1	1	0	1	1	1	0	1	1	0	1	0	0	1	0	1	0	0	1	1	1	0	1	1	0	1	1	0	1	1	0	0	0	1	0	1	0	1	0	0	0	1	1	1	1	1	1	1	0	0	0	0	0	1	0	1	1	0	1	0	1	0	0	0	0	1	0	0	0	0	0	1	0	1	1	0
cell30	0	0	0	1	0	1	1	0	1	1	1	0	0	1	1	1	0	0	0	1	0	0	1	1	0	1	1	0	1	1	1	0	1	1	0	0	1	0	1	0	0	1	0	1	1	1	0	1	1	0	1	1	0	1	1	0	1	1	1	0	1	0	0	1	1	1	1	0	0	0	1	0	0	1	0	0	1	1
cell31	0	0	0	1	0	1	1	1	0	1	1	0	1	0	1	1	0	1	1	0	1	1	0	0	1	1	0	0	1	0	0	1	1	0	1	1	1	1	0	1	0	1	0	0	1	1	1	0	1	0	0	0	0	0	0	0	0	1	0	0	1	0	1	0	0	1	0	0	0	0	0	1	0	1	1	1	0	0
cell32	0	0	0	1	1	1	1	1	0	1	1	1	1	1	0	1	0	1	1	0	1	1	0	0	1	1	0	0	0	0	1	1	1	0	0	1	1	1	0	1	0	1	1	0	1	0	0	1	1	1	0	0	0	0	0	1	0	0	0	0	1	0	0	0	0	1	0	1	0	0	0	0	0	0	1	0	1	0
cell33	0	0	0	1	0	1	1	1	0	1	0	0	0	0	0	0	0	0	0	0	1	1	1	0	0	1	0	0	1	0	1	0	1	0	1	1	0	1	0	0	0	0	0	1	1	1	0	0	1	0	1	0	0	0	0	0	0	0	0	0	1	1	0	0	0	1	0	0	0	0	0	0	0	0	0	1	0	0
cell34	0	0	0	1	0	1	1	1	1	1	1	0	0	1	1	1	0	0	0	0	1	1	1	1	0	1	1	0	1	1	0	1	1	1	1	1	1	1	0	1	1	1	0	1	1	0	0	1	1	1	0	0	1	1	1	0	0	1	1	1	1	1	0	0	1	1	1	0	0	1	1	0	0	1	0	1	0	1
cell35	1	0	0	1	0	0	0	0	0	1	1	0	1	1	1	0	0	0	1	0	1	1	1	0	0	1	0	1	0	0	1	0	0	0	1	0	1	1	0	0	0	1	0	0	1	1	0	1	1	0	0	0	0	0	0	1	0	1	1	0	1	1	0	0	0	1	0	0	0	0	0	1	1	1	1	1	0	0
cell36	0	0	0	1	0	0	0	1	0	0	1	0	0	1	1	1	0	0	0	0	1	0	1	0	0	1	0	0	0	0	1	1	0	0	0	0	1	0	1	1	0	0	0	1	1	1	0	1	1	1	0	0	1	0	1	0	0	1	0	0	0	1	0	0	1	0	1	0	0	0	1	0	0	0	1	1	1	0
cell37	1	1	0	1	0	1	1	1	0	1	1	1	0	1	0	0	1	1	1	0	1	1	1	0	0	1	0	1	0	0	1	1	1	0	1	1	1	1	0	1	0	1	1	1	1	1	0	1	1	0	1	0	0	0	0	1	0	1	0	0	1	1	1	0	0	1	0	1	0	0	0	1	1	1	1	1	1	0
cell38	0	0	0	1	0	0	1	1	1	1	0	1	0	1	0	1	0	0	0	1	1	1	1	1	0	1	0	0	1	0	1	1	1	1	0	1	0	1	1	1	1	1	0	1	1	0	0	1	0	1	1	1	1	1	1	1	0	1	1	0	1	1	0	1	1	1	1	0	1	1	1	1	0	1	0	0	1	0
cell39	1	1	0	1	0	1	1	1	0	1	1	1	1	1	0	0	0	1	0	0	1	1	1	0	1	1	0	0	1	0	1	1	1	0	1	1	1	1	0	1	0	1	1	0	1	1	0	1	1	0	1	0	0	0	0	1	0	1	1	0	1	1	1	0	0	0	0	1	0	0	0	0	1	1	1	1	1	0
cell40	1	1	1	1	0	1	1	1	0	0	1	1	1	0	1	1	0	0	1	0	1	1	1	0	0	1	0	0	1	0	1	0	1	0	0	0	1	1	0	0	0	1	1	0	1	0	1	0	1	1	1	0	0	0	0	1	0	1	0	0	0	1	0	0	0	1	0	1	0	0	0	1	1	1	1	1	0	0
cell41	0	0	0	1	0	1	0	1	1	1	1	1	0	1	1	1	0	0	0	1	0	1	1	1	0	1	0	0	0	0	1	1	1	0	0	1	1	1	0	0	1	1	0	1	1	1	0	1	1	1	1	1	1	1	1	1	0	1	1	0	1	1	1	1	1	1	0	0	0	1	0	0	0	1	0	0	0	0
cell42	0	0	0	1	0	1	1	1	0	1	1	1	0	1	1	0	0	0	0	1	1	1	1	1	0	1	1	0	0	1	1	1	1	1	0	1	1	1	1	1	1	0	0	1	1	1	0	1	1	1	0	1	1	1	0	0	1	1	1	0	0	1	0	1	1	1	1	0	1	1	1	0	0	1	1	1	1	0
cell43	1	0	0	1	0	1	1	1	0	1	1	1	1	0	0	1	0	1	0	0	1	0	0	0	1	0	0	1	0	0	1	1	0	0	1	1	0	0	0	1	0	1	1	0	1	1	1	0	1	1	1	0	0	0	0	1	0	0	1	0	1	0	1	0	1	1	0	1	0	0	0	0	1	1	1	1	1	0
cell44	0	0	0	1	0	0	1	1	0	1	1	1	0	1	0	1	0	0	0	1	1	1	1	0	0	0	0	0	1	0	0	1	1	1	1	1	1	1	0	0	0	0	0	1	1	1	0	1	1	0	1	1	1	1	0	0	0	1	0	0	1	1	0	0	0	1	1	0	1	1	0	0	0	1	1	1	1	0
cell45	0	0	0	1	0	1	1	0	1	1	0	1	0	0	0	1	0	0	0	1	1	1	1	0	0	1	0	0	0	0	1	1	1	0	1	0	0	1	1	0	0	1	0	1	0	0	0	1	1	1	0	1	1	1	1	0	0	1	1	0	0	1	0	0	1	1	1	0	1	1	0	1	0	1	0	1	1	0
cell46	0	0	0	1	0	0	0	1	0	1	0	1	0	1	1	1	0	0	0	0	1	1	1	0	0	1	0	0	1	0	1	1	1	0	0	1	0	1	0	1	0	1	0	0	1	0	0	1	1	1	1	0	0	0	0	1	0	1	1	0	1	1	0	0	0	0	0	0	0	0	0	1	0	1	1	0	1	0
cell47	0	0	0	1	0	1	0	1	0	1	0	1	0	1	0	0	0	0	0	0	1	0	0	0	0	1	0	0	1	0	0	1	0	0	1	1	0	1	0	1	0	1	0	1	1	0	0	1	1	1	0	0	0	0	0	0	0	1	0	0	1	1	0	0	0	1	0	0	0	0	0	1	0	0	1	1	1	0
cell48	1	1	0	1	1	1	1	1	0	0	1	1	0	0	0	1	0	1	1	0	1	1	1	0	1	1	0	1	1	0	0	0	1	0	1	1	1	0	0	1	0	0	1	1	0	1	1	1	1	1	0	0	0	0	0	0	0	1	1	0	1	1	0	0	0	1	0	1	0	0	0	1	1	0	0	1	0	0
cell49	0	0	0	1	0	1	1	0	1	1	1	1	0	0	0	1	0	0	0	1	1	1	1	1	0	1	0	1	1	0	1	1	1	1	0	1	1	1	0	1	1	1	0	1	1	1	0	1	1	1	1	1	1	1	1	1	0	1	1	0	1	1	0	1	1	1	1	0	1	1	1	1	0	0	1	1	1	0
cell50	0	0	0	0	0	1	1	1	0	1	1	1	0	1	1	1	0	0	0	0	1	1	1	0	0	1	0	0	1	0	1	1	1	0	1	1	1	1	0	1	0	1	0	1	1	1	0	1	1	1	1	0	0	0	0	1	0	1	1	0	0	1	0	0	0	1	0	0	0	0	0	1	0	1	1	0	1	0
cell51	0	0	0	0	0	1	0	1	1	0	0	1	0	1	0	0	0	0	0	1	1	0	1	1	0	1	1	0	1	1	1	0	0	0	0	1	1	0	1	1	1	1	0	0	0	0	0	1	1	1	1	0	1	1	1	0	1	1	1	0	0	1	0	0	1	1	0	0	0	1	0	1	0	0	0	1	0	1
cell52	1	0	0	1	1	1	1	1	0	1	0	1	1	1	0	1	1	0	1	0	1	0	1	0	1	1	0	0	1	0	1	1	1	0	0	1	0	0	0	1	0	0	0	0	1	1	0	1	1	0	0	0	0	0	0	1	0	1	1	0	1	1	0	0	0	0	0	0	0	0	0	1	1	1	1	1	0	0
cell53	1	1	0	1	0	1	1	0	0	0	1	0	1	1	1	0	0	1	1	0	0	1	1	0	0	1	0	1	0	0	1	1	1	0	1	1	1	1	0	1	0	1	1	0	1	1	0	1	1	0	1	0	0	0	0	1	0	1	1	0	1	1	1	0	0	0	0	0	0	0	0	0	0	1	0	1	0	0
cell54	0	0	0	1	0	1	1	1	0	1	1	1	0	1	0	0	0	0	0	1	1	1	1	0	0	1	1	0	1	1	1	1	0	1	0	1	1	1	1	1	1	1	0	1	1	0	0	1	1	1	0	1	1	0	0	1	1	0	1	1	1	1	0	1	1	1	0	0	1	1	1	0	0	0	1	1	1	1
cell55	1	1	1	1	1	1	1	1	0	1	1	0	1	1	0	0	0	1	1	0	1	1	1	0	0	0	0	1	0	0	1	1	1	0	1	1	1	1	0	0	0	0	1	0	1	1	0	1	1	1	1	0	0	0	0	1	0	1	0	0	1	1	1	0	0	1	0	1	0	0	0	1	1	1	0	1	0	0
cell56	0	0	0	1	0	1	1	1	1	0	1	1	0	0	0	1	0	0	0	0	0	0	1	0	0	0	0	0	1	1	1	1	0	1	1	1	0	1	0	1	1	0	0	1	0	1	0	1	1	0	1	1	1	0	1	0	1	0	0	1	1	1	0	0	0	1	0	0	0	0	1	1	0	1	0	1	0	0
cell57	0	0	0	1	1	1	1	1	0	0	1	1	0	1	0	1	0	0	1	0	1	1	1	0	0	1	0	0	0	0	1	1	1	0	0	1	1	1	0	0	0	1	0	0	1	1	0	0	1	1	1	0	0	0	0	1	0	1	0	0	0	1	0	0	0	1	0	0	0	0	0	0	1	1	1	1	1	0
cell58	1	1	1	1	1	1	1	1	0	1	1	1	1	1	0	1	0	1	1	0	0	1	1	0	0	1	0	1	0	0	1	1	1	0	0	0	1	1	0	1	0	1	1	0	1	1	1	1	1	1	0	0	0	0	0	1	0	1	1	0	1	1	1	0	0	0	0	1	0	0	0	1	1	1	1	1	1	0
cell59	1	0	0	1	1	1	1	0	0	0	1	1	1	1	1	1	0	0	1	0	0	1	1	0	1	1	0	0	1	0	1	0	1	0	0	0	1	1	0	1	0	0	0	0	1	1	0	1	1	1	1	0	0	0	0	1	0	1	0	0	1	0	0	0	1	1	0	0	0	0	0	0	1	0	0	0	1	0
cell60	1	0	1	0	1	0	1	1	0	1	1	1	0	0	1	0	0	1	1	0	1	0	0	0	0	0	0	0	0	0	0	1	1	0	1	1	0	1	0	1	0	0	1	0	1	0	1	0	1	1	1	0	0	0	0	1	0	0	0	0	1	1	0	0	0	0	0	0	0	0	0	0	0	1	0	1	1	0
cell61	0	0	0	1	0	1	1	1	0	0	1	0	0	1	0	1	0	1	0	0	1	1	0	0	0	1	0	0	0	0	1	0	1	0	1	1	1	1	0	0	0	1	0	0	1	1	0	0	1	1	0	0	0	0	0	1	0	1	1	0	0	1	0	0	0	1	0	0	0	0	0	1	0	1	0	0	0	0
cell62	1	1	1	0	1	1	1	0	0	0	0	1	0	0	0	1	0	1	1	0	0	1	1	0	0	1	0	1	1	0	0	1	0	0	0	1	0	1	0	1	0	0	1	0	1	1	0	1	1	1	1	0	0	0	0	1	0	1	1	0	1	0	1	0	0	0	0	0	0	0	0	0	1	1	0	1	1	0
cell63	0	0	0	1	0	1	0	1	1	1	1	1	0	0	0	1	0	0	0	1	1	1	0	0	0	0	0	0	0	1	1	1	1	1	1	1	1	1	0	1	1	0	0	1	1	1	0	1	0	1	0	0	1	1	1	1	1	1	1	1	1	1	0	1	1	1	1	0	1	0	1	1	0	1	0	1	1	0
cell64	1	1	1	1	1	1	1	1	0	0	1	1	1	1	1	1	0	0	1	0	1	0	1	0	1	1	0	0	1	0	1	1	1	0	0	1	1	1	0	1	0	1	1	0	0	1	0	1	0	1	1	0	0	0	0	1	0	1	1	0	1	1	1	0	0	1	0	1	0	0	0	1	1	1	0	1	1	0
cell65	0	1	0	1	1	0	1	1	0	0	0	1	1	1	0	0	0	1	1	0	1	0	1	0	0	1	0	0	1	0	1	0	1	0	1	1	1	1	0	1	0	1	1	0	1	1	0	1	1	1	1	0	0	0	0	0	0	1	0	0	1	1	1	0	0	1	0	1	0	0	0	1	0	1	1	1	0	0
cell66	0	0	0	1	0	1	1	1	1	1	1	0	0	0	0	1	0	0	0	0	1	1	1	1	0	1	1	0	1	0	1	1	1	0	0	1	0	1	1	1	1	1	0	1	1	1	0	1	1	1	0	1	1	1	1	1	1	0	1	1	1	1	0	1	1	1	1	0	0	1	1	1	0	1	1	1	0	1
cell67	1	0	1	1	0	1	1	1	0	1	1	1	1	1	0	0	0	1	1	0	1	1	1	0	1	1	0	1	1	0	1	1	1	0	0	0	1	1	0	1	0	1	1	1	1	0	0	1	1	1	0	0	0	0	0	1	0	1	1	0	1	0	1	0	0	1	0	1	0	0	0	0	1	1	0	1	1	0
cell68	1	1	1	1	0	1	1	1	0	1	0	1	1	0	1	0	0	1	1	0	1	1	1	0	0	1	0	1	1	0	1	0	1	0	0	1	1	1	0	1	0	0	1	0	1	1	0	1	1	1	0	0	0	0	0	0	0	1	1	0	1	1	1	0	0	1	0	1	0	0	0	1	1	0	1	1	1	0
cell69	0	0	0	1	0	1	1	1	1	1	1	0	0	1	1	1	0	0	0	1	1	0	1	1	0	1	0	0	0	0	1	1	1	0	1	1	1	0	1	1	1	1	0	1	0	0	0	1	1	1	1	1	1	1	1	0	0	1	0	0	0	0	0	1	1	1	1	0	1	0	0	1	0	0	1	1	0	0
cell70	1	0	1	1	0	1	1	1	0	0	0	0	1	1	1	1	0	1	0	0	1	1	0	0	0	1	0	0	1	0	1	1	0	0	1	1	1	1	0	0	0	1	1	0	1	0	0	1	1	1	0	0	0	0	0	0	0	1	0	0	1	1	1	0	0	1	0	1	0	0	0	0	1	1	1	1	0	0
cell71	0	0	0	1	0	1	1	1	1	0	0	1	0	1	1	1	0	0	0	1	1	1	1	1	0	0	1	0	1	1	1	1	0	1	1	1	0	1	1	0	0	0	1	0	1	0	0	0	1	0	0	1	1	0	1	0	1	0	1	1	1	1	0	0	1	1	1	0	0	0	1	0	0	1	0	1	1	1
cell72	1	1	1	1	1	1	1	1	0	1	1	1	0	1	0	0	0	0	1	0	1	1	1	0	0	1	0	1	0	0	1	0	1	0	1	0	1	1	0	1	0	0	1	0	1	1	0	1	1	1	1	0	0	0	0	1	0	1	1	0	1	0	1	0	0	1	0	1	0	0	0	0	0	0	1	1	1	0
cell73	0	0	0	1	0	1	1	1	1	1	1	0	0	1	0	1	0	0	0	1	1	1	1	1	0	1	1	0	1	1	0	1	1	1	1	1	1	0	1	0	1	0	0	1	1	0	0	1	0	0	1	1	1	1	1	0	1	1	1	1	1	1	0	1	1	1	1	0	1	1	1	1	0	1	1	1	1	1
cell74	1	0	0	1	1	1	1	1	0	1	0	1	1	1	0	1	0	0	1	0	1	1	1	0	1	1	0	0	1	0	1	1	1	0	0	1	0	1	0	1	0	1	0	0	1	1	0	1	1	1	0	0	0	0	1	1	1	1	1	0	1	1	0	0	0	1	0	0	0	0	1	0	1	1	0	1	1	0
cell75	1	1	1	1	1	1	1	1	0	1	1	1	1	1	1	1	0	1	1	0	0	1	1	0	1	1	0	1	1	0	1	1	1	0	1	1	1	1	0	1	0	1	0	1	1	0	1	1	1	1	0	0	0	0	0	1	0	1	1	0	1	1	1	0	0	1	0	1	0	0	0	1	1	0	1	1	1	0
cell76	1	1	0	1	1	0	1	1	0	1	0	0	1	0	0	1	0	1	1	0	1	1	1	0	1	1	0	1	0	0	1	1	0	0	0	1	0	0	0	1	0	1	0	0	1	1	0	1	1	1	1	0	0	0	0	1	0	1	1	0	1	1	1	0	0	1	0	1	0	0	0	1	1	0	0	1	1	0
cell77	0	0	0	1	0	1	1	1	0	1	0	1	0	1	1	0	0	0	0	0	1	1	1	0	0	1	0	0	1	0	1	1	1	0	1	1	0	1	0	1	0	0	0	0	1	1	0	1	0	0	1	0	0	0	0	1	0	1	1	0	1	1	0	0	0	1	0	0	0	0	0	1	0	1	1	1	0	0
cell78	0	0	0	1	0	1	1	1	0	1	1	1	0	0	1	1	0	0	0	1	0	0	1	1	0	1	1	0	1	1	1	1	0	1	0	1	0	1	1	1	1	0	0	1	1	1	0	1	1	1	1	0	1	1	1	1	1	1	1	0	1	1	1	0	1	0	0	0	0	0	1	1	0	0	0	1	1	1
cell79	0	0	0	1	0	1	1	1	0	1	1	1	0	1	1	0	0	0	0	0	1	1	1	0	0	1	0	0	1	0	1	1	1	0	1	1	0	0	0	1	0	1	0	1	1	0	0	1	0	1	0	0	0	0	0	1	0	1	1	0	1	1	0	0	0	1	0	1	0	0	1	0	0	0	1	1	1	0
cell80	0	0	0	1	0	0	1	1	0	1	1	0	0	1	1	1	0	0	0	0	1	0	1	0	0	1	0	0	1	0	1	1	0	0	0	1	0	1	0	1	0	1	0	1	1	0	0	1	1	1	1	0	0	0	0	0	0	1	1	0	1	1	0	0	0	1	0	0	0	0	0	0	1	1	1	1	0	0
cell81	0	0	1	1	1	0	1	0	0	1	1	1	1	1	0	0	0	1	1	0	1	1	1	0	1	1	0	0	0	0	1	0	1	0	0	1	1	1	0	0	0	1	1	0	1	1	1	1	1	1	1	0	0	0	0	1	0	1	1	0	1	1	1	0	0	1	0	1	0	0	0	1	1	1	1	1	1	0
cell82	0	0	0	0	0	1	1	1	0	1	1	0	0	0	1	0	0	0	0	1	1	1	1	1	0	1	0	0	0	1	1	1	1	1	1	0	1	0	1	0	0	1	0	1	1	1	0	1	0	0	1	1	1	1	1	1	1	1	1	1	1	1	0	0	1	0	1	0	0	0	0	1	0	1	1	1	1	1
cell83	0	0	0	0	0	1	0	1	0	1	0	1	0	0	0	1	0	0	0	1	1	1	1	1	0	1	1	0	1	1	1	1	1	0	1	1	1	0	1	0	0	0	0	1	0	1	0	1	0	1	1	1	1	0	1	1	1	1	1	0	1	1	0	1	1	1	0	0	1	0	1	0	0	1	1	0	1	1
cell84	0	0	0	1	0	0	1	1	0	1	1	1	0	1	1	1	0	0	0	1	1	1	1	0	0	1	1	0	1	0	1	1	1	1	1	1	1	1	1	1	1	0	0	1	1	1	0	1	1	1	1	1	1	1	1	0	1	1	1	1	0	1	0	1	1	1	1	0	1	1	1	0	0	1	1	1	1	1
cell85	0	0	0	0	0	1	1	0	0	1	1	1	0	1	0	1	0	0	0	0	1	1	1	0	0	1	0	0	1	0	1	1	1	0	1	1	0	1	0	1	0	1	0	0	1	1	0	1	1	1	1	0	0	0	0	1	0	0	1	0	1	1	0	0	0	1	0	0	0	0	0	1	0	0	1	1	1	0
cell86	1	1	0	1	1	1	1	1	0	0	1	1	1	1	1	1	0	1	1	0	1	1	1	0	1	0	0	0	1	0	0	1	1	0	0	1	0	1	0	1	0	0	0	0	1	1	1	1	0	1	1	0	0	0	0	0	0	1	1	0	1	1	0	0	0	1	0	1	0	0	0	1	0	1	0	1	1	0
cell87	0	0	0	1	0	1	1	1	1	0	0	1	0	1	0	0	0	0	0	1	1	1	1	1	0	1	1	0	1	1	1	0	1	0	1	1	1	1	1	1	1	1	0	1	1	1	0	1	1	1	1	1	1	0	1	0	1	1	0	1	1	1	0	0	0	0	1	0	0	1	1	1	0	1	0	1	0	1
cell88	0	0	0	1	0	1	1	0	0	0	0	0	0	0	1	0	0	0	0	0	1	1	0	0	0	1	0	0	1	0	1	1	1	0	0	1	1	1	0	1	0	1	0	0	1	1	0	1	1	1	1	0	0	0	0	1	0	1	1	0	0	1	0	0	1	1	0	0	0	0	0	1	0	1	1	1	0	0
cell89	0	0	0	1	0	1	1	1	1	1	1	1	0	0	0	0	0	0	0	1	1	1	0	1	0	1	0	0	0	0	1	1	1	1	1	1	1	1	0	1	1	1	0	1	0	1	0	1	0	0	1	1	1	1	1	0	0	1	1	0	1	1	0	1	1	0	0	0	0	0	1	1	0	0	1	0	0	0
cell90	0	0	0	1	0	0	1	1	1	0	1	0	0	1	1	1	0	0	0	1	1	1	1	1	0	1	0	0	0	1	1	0	0	1	0	0	1	1	0	1	1	1	0	1	1	0	0	0	1	1	1	1	1	1	1	1	1	1	1	1	1	1	0	1	1	0	0	0	1	1	1	1	0	1	1	1	1	1
cell91	0	0	0	1	0	1	1	1	1	1	1	1	0	1	0	1	0	0	0	1	0	1	1	1	0	1	0	0	1	0	1	1	1	0	0	1	1	0	1	1	1	0	0	1	0	1	0	1	1	1	1	1	1	1	1	0	0	1	1	0	1	1	0	1	1	0	1	0	0	0	1	1	0	1	1	0	1	0
cell92	1	1	1	1	1	1	1	1	0	1	0	0	0	1	0	1	0	1	1	0	1	1	1	0	0	1	0	1	1	0	0	1	0	0	1	1	1	1	0	1	0	1	1	0	1	0	1	1	1	1	1	0	0	0	0	1	0	1	1	0	1	1	1	0	0	1	0	1	0	0	0	1	1	0	1	1	0	0
cell93	1	1	1	0	0	1	1	1	0	0	0	0	0	1	1	0	0	1	1	0	1	0	1	0	1	1	0	1	0	0	1	1	0	0	1	1	0	1	0	1	0	0	0	0	1	0	1	0	1	0	1	0	0	0	0	1	0	1	1	0	1	1	1	0	0	0	0	1	0	0	0	0	0	0	1	1	0	0
cell94	0	0	0	0	0	0	1	0	0	1	0	1	0	1	0	0	0	0	0	0	0	1	0	0	0	1	0	0	0	0	1	0	0	0	0	0	1	0	0	0	0	0	0	0	0	1	0	0	1	1	1	0	0	0	0	1	0	0	0	0	0	1	0	0	0	0	0	0	0	0	0	0	0	1	0	0	0	0
cell95	1	0	0	0	1	1	1	0	0	0	1	1	1	1	1	1	0	0	1	0	1	0	1	0	1	0	0	0	0	0	1	1	0	0	0	1	1	0	0	1	0	1	0	0	1	0	0	0	1	1	1	0	0	0	0	1	0	1	1	0	1	1	0	0	0	0	0	0	0	0	0	0	1	1	1	1	0	0
cell96	0	1	1	0	1	0	1	1	0	1	1	1	1	1	0	0	0	1	0	0	1	1	1	0	1	1	0	1	0	0	0	1	0	0	1	1	1	1	0	0	0	1	1	0	1	1	1	1	1	1	1	0	0	0	0	1	0	1	1	0	1	1	1	0	0	1	0	0	0	0	0	1	1	1	1	1	0	0
cell97	1	1	0	1	1	1	1	1	0	1	1	1	1	1	1	1	0	1	1	0	1	0	1	0	1	1	0	0	0	0	0	1	1	0	1	1	0	1	0	1	0	0	1	0	1	1	0	1	1	0	1	0	0	0	0	0	0	1	0	0	1	1	1	0	0	1	0	1	0	0	0	1	1	1	1	1	1	0
cell98	0	0	0	1	0	1	1	0	0	0	1	0	0	1	0	0	0	0	0	0	0	0	0	0	0	1	0	1	1	0	1	1	0	0	0	0	1	0	0	1	0	1	0	1	1	1	0	1	1	0	0	0	0	0	0	1	0	0	1	0	0	0	0	0	0	1	0	0	0	0	0	0	0	0	1	1	0	0
cell99	0	0	0	0	0	1	1	1	1	1	0	1	0	1	1	1	0	0	0	1	1	1	1	0	0	1	0	0	1	0	1	1	1	1	1	1	1	1	1	1	1	1	0	1	1	1	0	1	1	0	1	1	1	1	1	1	0	0	1	0	1	0	0	1	1	1	1	0	0	1	1	1	0	1	1	1	1	0
cell100	0	0	0	0	0	1	1	1	1	1	1	1	0	0	1	1	0	0	0	1	1	0	1	1	0	1	1	0	1	0	1	1	1	1	0	1	0	1	0	1	1	1	0	0	1	1	0	1	1	0	1	1	1	1	0	0	1	1	0	1	1	0	0	0	1	0	0	0	1	0	0	1	0	1	1	1	1	1
cell101	0	0	0	0	0	0	1	0	0	0	0	0	0	0	0	0	0	0	0	0	0	0	0	0	0	0	0	0	0	0	0	0	0	0	0	0	0	0	0	0	0	0	0	0	0	0	0	0	0	0	0	0	0	0	0	0	0	0	0	0	0	0	0	0	0	0	0	0	0	0	0	0	0	0	0	0	0	0
cell102	1	0	0	0	1	1	1	1	0	1	1	1	1	0	1	1	0	0	1	0	1	1	1	0	0	1	0	0	0	0	0	1	1	0	1	1	1	0	0	1	0	0	0	0	0	1	0	1	1	1	0	0	0	0	0	0	0	1	1	0	0	1	0	0	0	1	0	0	0	0	0	1	1	0	1	1	1	0
cell103	0	0	0	0	0	1	1	1	1	1	1	1	0	1	0	1	0	0	0	0	0	1	1	0	0	1	1	0	1	1	1	1	1	1	1	1	1	1	1	1	1	1	0	1	0	0	0	1	1	1	0	1	1	0	1	0	1	1	1	1	1	1	0	1	1	0	1	0	0	1	1	1	0	0	1	1	1	1
cell104	0	0	0	1	0	1	1	1	1	0	1	1	0	1	1	1	0	1	0	1	1	0	1	1	1	1	1	0	0	0	1	1	1	1	1	1	1	1	0	1	1	0	0	1	1	1	0	1	1	1	0	0	1	1	1	1	0	1	1	1	1	1	0	0	1	1	1	1	0	1	0	1	0	1	1	1	1	1
cell105	1	0	0	1	0	0	1	1	0	0	0	1	1	1	0	1	0	0	1	0	0	0	0	0	0	1	0	0	1	0	1	1	1	0	1	1	1	0	0	1	0	1	0	0	0	1	0	1	1	0	1	0	0	0	0	1	0	1	0	0	1	1	0	0	0	1	0	0	0	0	0	1	1	0	1	1	1	0
cell106	0	0	0	1	0	1	1	0	1	1	1	1	0	1	1	1	0	0	0	1	1	1	1	1	0	0	1	0	1	1	1	1	0	1	1	1	1	1	1	1	1	1	0	1	1	0	0	1	1	1	1	1	0	1	0	1	0	1	0	1	0	0	0	0	1	1	0	0	0	0	0	0	0	1	1	0	0	1
cell107	1	1	0	1	1	1	0	1	1	1	1	1	0	1	0	0	0	1	1	0	1	1	1	0	1	1	0	1	1	0	0	0	0	0	0	1	1	1	0	1	0	0	1	0	1	1	1	1	1	0	0	0	0	0	0	1	0	1	1	0	1	1	1	0	0	1	0	1	0	0	0	1	1	0	0	1	1	0
cell108	0	0	0	1	0	1	1	1	0	1	1	1	0	1	0	0	0	0	0	0	0	1	1	0	0	1	0	0	1	0	1	1	1	0	1	1	1	0	0	0	0	1	0	0	0	1	0	1	1	1	1	0	0	0	0	1	0	1	1	0	1	1	0	0	0	1	0	0	0	0	0	1	0	1	1	1	0	0
cell109	0	0	0	1	0	1	1	1	1	0	0	1	0	1	0	0	0	0	0	1	1	1	1	1	0	0	1	0	1	0	1	1	0	0	1	1	0	0	1	0	1	0	0	1	1	0	0	1	1	1	0	1	1	1	1	0	1	1	1	1	1	1	0	1	1	1	1	0	1	1	1	1	0	1	1	1	0	0
cell110	0	0	0	1	1	1	1	1	1	0	1	1	0	1	0	0	0	0	0	1	1	0	1	0	0	1	1	1	0	1	1	1	1	0	1	0	1	1	0	1	1	0	0	1	1	0	0	1	1	1	0	1	0	0	1	0	1	1	1	1	0	1	0	0	0	0	1	1	0	0	1	0	0	1	1	0	1	0
cell111	1	0	0	1	1	1	1	1	0	1	0	1	0	0	0	0	0	0	0	0	1	1	1	0	0	0	0	0	0	0	1	1	0	0	1	1	1	1	0	1	0	1	0	0	1	1	0	1	1	1	1	0	0	0	0	1	0	1	0	0	1	1	1	0	0	1	0	0	0	0	0	1	1	1	0	1	1	0
cell112	0	0	0	1	0	1	0	1	1	0	0	0	0	1	0	0	0	0	0	1	0	1	1	1	0	1	0	0	1	0	1	1	0	1	1	1	0	1	1	1	1	1	0	0	1	1	0	1	1	0	0	1	1	1	1	1	0	1	1	0	1	1	0	0	1	1	0	0	1	1	1	1	0	1	1	0	0	0
cell113	0	0	0	1	0	1	0	1	0	0	1	1	0	1	1	0	0	0	0	1	0	1	0	0	0	1	0	0	0	1	0	1	1	1	0	1	1	0	1	1	1	1	0	1	1	1	0	1	1	0	0	1	1	1	1	1	0	0	1	1	0	1	0	1	1	1	0	0	1	0	1	0	0	1	0	1	1	1
cell114	1	1	1	1	1	0	1	1	0	1	0	1	1	1	1	1	1	1	1	0	0	0	1	0	0	1	0	0	1	0	1	0	1	0	0	1	1	1	0	0	0	0	1	0	0	1	0	1	1	0	1	0	0	0	0	1	0	1	1	0	1	0	1	0	0	1	0	1	0	0	1	1	1	0	1	1	1	0
cell115	0	0	0	1	0	1	1	0	1	1	1	1	0	1	0	1	0	0	0	0	1	1	1	1	0	1	1	0	1	0	1	0	0	0	1	1	1	0	1	0	0	0	0	1	0	1	0	1	1	0	1	1	0	0	1	0	1	1	1	1	0	1	0	1	1	1	1	0	0	1	0	0	0	0	1	1	1	0
cell116	0	0	0	0	0	1	1	0	1	1	1	0	0	1	0	0	0	0	0	1	1	1	1	1	0	1	0	0	1	0	1	1	1	1	1	1	1	1	0	1	1	1	0	1	1	0	0	0	1	0	1	1	1	1	1	0	0	1	1	0	1	1	0	0	1	0	1	0	1	0	1	0	0	1	0	0	1	0
cell117	1	1	0	0	1	0	0	1	0	1	1	1	1	0	1	0	1	1	1	0	1	0	0	0	0	1	0	1	1	0	1	0	0	0	0	1	1	1	0	1	0	1	1	0	0	1	1	1	1	0	0	0	0	0	0	0	0	1	1	0	1	1	1	0	0	1	0	0	0	0	0	1	1	1	1	0	1	0
cell118	0	0	0	1	0	1	1	1	1	1	1	1	0	0	1	1	0	0	0	1	1	0	1	0	0	1	0	0	1	0	0	1	0	0	1	1	1	1	0	1	1	1	1	1	1	1	0	1	1	1	0	1	0	0	1	1	0	1	1	0	1	0	0	1	0	1	0	0	0	1	0	1	1	1	0	0	1	0
cell119	1	0	0	0	0	1	1	1	0	1	0	0	0	0	1	0	0	0	0	0	1	1	0	0	0	1	0	0	1	0	0	1	1	0	1	1	1	1	0	1	0	0	0	0	0	1	0	0	1	1	1	0	0	0	0	0	0	1	1	0	0	0	0	0	0	0	0	0	0	0	0	0	0	0	0	1	1	0
cell120	0	0	0	1	0	1	1	1	1	1	1	1	0	1	0	1	0	0	0	1	1	1	1	1	0	1	1	0	1	1	1	1	1	1	1	1	1	1	1	1	1	1	0	1	1	1	0	1	1	1	0	1	1	1	1	0	1	1	1	1	1	1	0	1	1	1	0	0	1	1	1	0	0	0	1	1	1	1
cell121	0	0	0	1	1	1	0	0	0	1	1	1	1	0	0	1	0	0	0	0	1	1	1	0	0	1	0	0	1	0	1	0	1	0	1	0	1	1	0	1	0	0	0	0	1	1	0	1	1	1	1	0	0	0	0	1	0	1	0	0	1	1	0	0	0	1	0	0	0	0	0	1	1	1	1	1	0	0
cell122	0	0	0	1	0	1	1	1	0	1	1	1	0	1	1	1	0	0	0	1	1	1	1	0	0	1	0	0	1	0	1	1	1	1	0	1	1	1	1	1	1	1	0	1	1	0	0	1	1	1	1	1	1	1	1	1	0	1	1	0	1	1	0	1	1	1	1	0	1	1	1	1	0	1	1	1	0	0
cell123	0	0	0	1	0	1	1	1	1	1	1	1	0	1	0	1	0	0	0	1	1	1	1	1	0	1	1	0	1	1	1	1	1	1	1	1	0	1	1	1	1	1	0	1	1	1	0	1	1	1	1	1	1	1	1	1	1	1	1	0	1	1	0	0	1	1	1	0	0	1	1	1	0	1	1	1	1	1
cell124	0	0	0	0	0	0	1	1	1	1	0	1	0	1	0	1	0	0	0	1	1	0	0	1	0	0	1	1	0	1	1	1	1	1	1	0	1	1	0	1	1	1	0	1	1	0	0	1	1	0	1	1	1	1	1	1	1	1	0	1	1	1	0	0	1	1	1	0	1	1	0	1	0	1	1	1	1	0
cell125	0	0	0	1	0	0	1	0	1	1	1	0	0	1	0	1	0	0	0	1	1	1	1	0	0	0	1	0	1	0	1	1	1	0	1	1	0	1	1	1	0	1	0	1	1	1	0	1	1	1	1	1	1	1	1	0	1	0	1	1	0	0	0	0	1	0	0	0	0	0	0	0	0	1	1	1	1	0
cell126	0	0	0	1	0	1	1	0	0	1	1	0	0	1	1	0	0	0	0	0	1	1	1	0	0	1	0	0	0	0	1	0	0	0	1	1	1	0	0	1	0	0	0	0	1	1	0	1	1	0	1	0	0	0	0	1	0	1	1	0	1	1	0	0	0	1	0	0	0	0	0	1	0	1	1	1	1	0
cell127	1	1	0	1	1	1	0	1	0	0	1	0	0	1	1	0	0	1	0	0	0	1	1	0	1	1	0	1	0	0	1	1	1	0	0	1	1	1	0	0	0	1	1	0	1	0	0	1	1	1	1	0	0	0	0	1	0	1	0	0	1	1	1	0	0	1	0	1	0	0	1	0	1	1	0	1	1	0
cell128	0	0	0	0	0	1	1	0	0	0	1	0	0	0	0	1	0	0	0	0	0	1	0	0	0	1	1	0	0	1	0	0	1	0	1	0	1	0	0	1	1	0	0	0	0	0	0	1	1	1	1	1	1	1	1	0	0	1	1	1	0	1	0	0	0	1	1	0	1	1	0	1	0	0	1	1	1	1
cell129	1	1	1	1	0	0	1	1	0	0	0	1	1	1	1	0	0	0	1	0	1	1	0	0	1	0	0	0	1	0	1	1	0	0	1	1	1	0	0	0	0	0	1	0	0	0	0	0	1	1	1	0	0	0	0	0	0	1	1	0	1	1	1	0	0	1	0	1	0	0	0	1	1	1	1	1	0	0
cell130	0	0	0	1	0	0	1	1	1	1	1	1	0	0	1	1	0	0	0	1	1	1	1	0	0	1	0	0	0	0	1	1	1	1	1	1	1	1	1	1	1	1	0	1	0	0	0	0	1	1	1	1	0	1	1	1	0	1	1	0	1	1	0	1	1	1	1	0	1	1	1	1	0	1	1	1	1	0
cell131	1	0	1	1	0	1	1	1	0	1	0	1	1	1	1	1	0	1	1	0	1	1	1	0	1	1	0	1	0	0	1	0	1	0	0	0	1	1	0	1	0	1	0	0	1	1	0	1	1	1	1	0	0	0	0	1	0	0	1	0	0	1	1	0	0	1	0	1	0	0	0	1	1	0	0	1	1	0
cell132	0	0	0	1	0	1	1	1	1	1	1	1	0	0	0	0	0	0	0	1	1	0	1	1	0	1	1	0	1	1	1	1	1	1	1	1	1	1	1	1	0	0	0	1	0	1	0	1	1	1	1	1	1	1	1	1	1	1	1	1	1	1	0	1	1	0	1	0	1	1	1	1	0	1	0	1	0	1
cell133	0	0	0	1	0	1	1	1	1	0	1	1	0	1	1	0	0	0	0	1	1	1	1	1	0	0	0	0	0	1	1	0	1	0	0	0	1	0	1	0	1	1	0	1	1	0	0	0	1	1	1	0	0	1	1	0	1	0	1	0	1	1	0	1	1	1	1	0	1	1	0	1	0	1	1	1	0	1
cell134	0	0	0	0	0	0	0	0	0	0	0	0	0	0	0	0	0	0	0	0	0	0	0	0	0	0	0	0	0	0	0	0	0	0	0	0	0	0	0	0	0	0	0	0	0	0	0	0	0	0	0	0	0	0	0	0	0	0	0	0	0	0	0	0	0	0	0	0	0	0	1	0	0	0	0	0	1	0
cell135	0	0	0	1	0	0	1	1	1	0	1	1	0	1	0	1	0	0	0	1	0	1	1	0	0	1	0	0	1	1	1	0	0	0	0	1	1	1	1	1	1	1	0	1	1	1	0	1	0	0	1	0	1	0	1	0	1	1	1	1	1	1	0	0	1	1	1	0	0	1	1	1	0	1	1	1	1	1
cell136	0	0	0	0	0	0	0	0	1	0	0	0	0	0	0	0	0	0	0	0	0	0	0	0	0	0	0	0	0	0	0	0	0	0	0	0	0	0	0	0	0	0	0	0	0	0	0	0	0	0	0	0	0	0	0	0	0	0	0	0	0	0	0	0	0	0	0	0	0	0	0	0	0	0	0	0	0	0
cell137	0	0	0	0	0	0	0	0	0	0	0	0	0	0	0	0	0	0	0	1	1	0	0	0	0	0	0	0	0	0	0	0	0	0	0	0	0	0	0	1	1	0	0	0	0	0	0	0	0	1	0	0	0	0	0	0	0	0	0	0	0	1	0	0	0	0	0	0	0	0	0	0	1	0	0	0	0	0
cell138	1	1	1	1	1	1	1	1	0	0	1	1	1	1	0	0	0	0	1	0	1	1	1	0	1	1	0	1	1	0	1	1	1	0	1	1	1	1	0	1	0	1	1	0	1	1	1	1	1	1	0	0	0	0	0	1	0	1	1	0	1	1	1	0	0	1	0	1	0	0	0	0	1	1	1	1	1	0
cell139	0	1	0	1	1	1	1	1	1	1	1	1	1	1	1	1	1	0	1	1	1	1	1	0	1	1	0	0	1	0	1	1	1	0	1	1	1	1	1	1	1	1	1	0	1	1	1	1	1	1	1	1	1	0	1	1	0	1	0	0	1	1	1	0	0	1	0	0	0	0	0	0	1	1	1	1	1	0
cell140	1	1	0	1	1	1	1	1	0	0	1	1	1	0	1	0	0	0	1	0	1	1	1	0	1	1	0	1	0	0	1	1	1	0	1	1	1	1	0	1	0	1	1	0	0	1	1	1	1	1	1	0	0	0	0	1	0	1	1	0	1	1	1	0	0	1	0	1	0	0	0	0	1	1	1	1	1	0
cell141	1	0	0	0	0	1	1	1	0	1	1	0	1	1	1	1	0	0	1	0	1	1	0	0	1	1	0	0	1	0	1	1	0	0	1	1	0	1	0	0	0	1	0	0	1	1	0	0	1	1	1	0	0	0	0	0	0	1	1	0	1	1	0	0	0	1	0	0	0	0	0	1	1	1	1	1	1	0
cell142	1	1	0	1	1	1	1	1	0	1	1	1	1	1	0	1	0	1	1	0	1	1	1	0	1	1	0	1	1	0	1	1	1	0	1	1	1	1	0	1	0	1	1	0	1	1	1	1	1	1	0	0	0	0	0	1	0	1	1	0	1	1	1	0	1	0	0	1	0	0	0	1	1	1	0	1	0	0
cell143	1	1	0	1	0	0	1	0	0	0	0	1	1	0	1	0	0	1	0	0	0	1	1	0	0	0	0	1	1	0	1	1	0	0	1	0	1	1	0	1	0	0	0	0	1	0	1	1	0	1	0	0	0	0	0	1	0	1	1	0	1	1	1	0	0	1	0	0	0	0	0	1	1	0	0	1	0	0