cell/mut	ABCA2	AHCYL2	ARFIP1	ARMCX5	ARRDC5	ASF1A	ASXL3	ATAD3C	ATG13	BZRAP1	C17orf103	C1orf105	C21orf54	CALCOCO1	CAPN14	CASC5	CCDC168	CDH23	CDKN1B	CEACAM4	CHIAP2	CLK3	CMTM6	CYP4A22	DCAF12L2	DGKB	DOCK1	DOCK11	DOK6	DOT1L	EDN2	EDNRA	ENPP3	EPC1	FAM178A	FAM178A	GADD45G	GPRIN2	GRIP2	GSPT1	HCFC2	HDAC6	HEATR5B	HIST1H4J	HMP19	HOOK2	HOXD13	HTR2B	IFT140	IFT80	IGFBP5	IMPDH1	KCNG4	KCTD19	KIAA1549	KIF21B	KRAS	KRT34	KRTAP5-9	LETMD1	LOC441666	MAGEC3	MED1	MLN	MUC1	MYO9A	NKX3-2	NMD3	NOB1	NOP2	PARP8	PCDHGB5	PCED1A	PDCD6IP	PDS5A	PDZD11	PNN	PRKAA1	PRKAG1	PRPF38B	PTPRM	PTRH1,TTC16	RAB27B	SBSPON	SEMA5A	SEMG2	SH3TC1	SLC22A6	SQLE	SSX1	ST5	SVIL	SYNPR	SYP	TM6SF2	TMEM9	TMEM9	TPM3	TTC16	UBL5	UBXN1	VIT	WDR1	WDR13	ZNF716
cell1	0	0	0	0	1	0	0	1	1	0	0	1	1	0	1	0	1	0	1	1	1	0	1	0	0	1	0	0	0	1	1	0	0	1	0	0	0	1	0	0	0	0	0	0	0	1	0	0	1	0	0	0	0	1	1	0	0	0	0	1	0	0	1	0	0	1	1	0	1	1	0	0	0	1	1	0	0	1	1	0	1	0	0	0	1	0	1	1	1	1	0	1	0	1	1	1	1	1	1	0	0	1	1	0	1
cell2	1	1	0	0	0	0	0	1	1	0	0	1	1	0	1	0	0	0	0	1	0	0	1	0	0	1	1	0	0	1	0	0	0	1	1	1	0	1	0	0	0	1	0	0	0	0	0	1	1	0	0	1	0	0	0	0	1	0	0	1	0	1	1	0	1	0	0	1	1	1	0	0	0	0	1	0	0	0	0	0	1	0	0	1	0	1	1	1	1	0	1	1	0	0	1	1	1	0	1	0	0	1	1	1	0
cell3	1	1	0	1	0	0	1	1	1	1	0	0	1	1	1	0	1	0	0	1	1	0	0	1	1	0	0	0	0	1	0	0	0	1	1	1	1	0	0	0	1	1	0	0	0	1	0	1	1	1	1	1	1	0	0	0	1	0	0	1	0	1	1	1	1	1	1	1	0	1	1	0	1	1	1	1	0	1	1	0	1	0	0	0	1	1	0	0	1	1	0	0	1	1	1	1	1	1	1	0	0	0	0	1	1
cell4	0	0	1	1	0	0	0	0	1	0	0	1	0	0	0	1	0	0	0	1	1	1	0	0	1	0	0	0	0	0	1	1	0	1	0	0	1	1	1	0	0	0	1	1	1	1	0	0	0	0	1	0	1	1	1	1	1	1	1	0	0	0	0	1	0	0	0	0	0	0	0	1	1	1	1	1	1	0	1	1	0	1	0	1	0	1	0	0	1	0	0	1	0	0	0	0	0	0	1	1	0	1	0	0	0
cell5	0	0	0	0	0	0	0	0	0	0	0	0	0	0	0	0	0	0	0	0	0	0	0	0	0	0	0	0	0	0	0	0	0	0	0	0	0	0	0	0	0	0	0	0	0	0	0	0	0	1	0	0	0	0	0	0	0	0	0	0	0	0	0	0	0	0	0	0	0	0	0	0	0	0	0	0	0	0	0	0	0	0	0	0	0	0	0	0	0	0	0	0	0	0	0	0	0	0	0	0	0	0	0	0	0
cell6	0	1	0	1	1	0	1	0	1	1	0	1	1	0	1	0	1	0	0	1	1	0	1	1	1	1	1	0	1	1	0	0	1	1	1	0	1	1	0	1	1	1	0	0	0	1	1	1	1	1	0	1	1	0	1	0	0	0	0	1	0	1	1	1	1	1	1	1	0	1	0	0	0	1	1	1	0	1	1	0	1	1	0	1	1	1	1	1	0	1	1	1	1	1	1	1	1	1	1	0	0	1	1	0	1
cell7	0	1	0	0	1	0	0	0	1	0	0	1	0	0	1	0	0	0	0	0	1	0	0	1	0	0	1	0	1	1	1	0	0	1	1	0	1	0	0	0	1	1	0	0	0	0	1	1	1	1	1	1	1	1	1	0	0	1	0	0	0	1	1	1	0	0	1	0	1	0	0	0	1	0	0	1	0	1	1	0	1	0	0	1	1	1	1	1	0	1	0	0	1	1	0	1	1	1	1	0	0	1	0	0	1
cell8	1	1	1	1	1	0	1	0	1	1	0	1	1	0	1	1	1	0	1	1	1	0	0	0	1	1	0	1	0	1	1	0	1	1	0	1	1	1	1	0	0	0	1	0	1	1	0	1	1	0	1	0	1	1	1	1	0	0	0	1	0	1	1	1	1	1	1	1	0	1	0	1	1	1	1	1	0	0	1	1	1	1	0	0	0	1	0	1	0	1	0	1	1	1	1	0	1	1	1	1	1	1	0	0	1
cell9	0	0	0	0	1	0	0	1	1	0	0	0	1	1	1	0	1	0	1	1	0	0	0	0	0	0	1	0	0	1	1	0	0	1	0	1	1	1	0	1	1	1	0	0	0	1	0	1	0	0	1	1	1	1	1	0	1	0	0	1	0	0	1	1	0	0	1	1	1	1	1	0	1	0	0	1	0	0	0	0	1	0	0	0	0	1	1	1	1	1	0	1	1	1	1	1	1	1	0	0	0	1	1	1	1
cell10	1	1	1	1	1	0	1	1	1	1	1	1	1	1	1	1	1	1	1	1	1	1	0	1	1	1	0	1	1	1	1	1	1	1	0	1	1	1	1	1	1	0	1	0	1	1	1	1	1	0	1	1	1	1	1	1	0	0	0	1	1	1	1	1	1	1	1	1	1	1	1	0	1	1	1	1	1	1	1	1	0	1	0	1	1	1	1	1	1	1	0	1	1	1	1	1	1	1	1	1	1	1	1	0	1
cell11	0	0	1	1	0	1	0	0	0	0	0	1	0	0	0	1	0	1	0	1	0	1	1	0	1	0	0	1	1	0	0	1	0	1	0	1	1	1	1	0	0	0	1	1	1	1	0	0	1	1	0	0	1	1	1	0	0	1	1	0	0	0	1	1	1	0	0	0	0	1	0	1	1	1	0	1	1	0	1	1	0	1	0	1	0	1	0	0	1	0	0	0	1	1	1	0	1	0	1	1	0	1	1	0	1
cell12	0	0	1	0	1	1	0	0	1	0	0	1	1	0	0	1	0	1	0	1	0	1	1	1	0	0	0	1	0	0	0	1	0	1	0	0	1	1	1	0	0	0	1	1	1	1	0	0	1	0	1	0	1	1	1	0	0	0	1	0	0	0	1	1	1	0	0	0	0	1	0	0	1	1	1	1	0	0	1	1	0	0	0	1	0	1	0	0	1	0	0	1	0	1	1	0	1	0	1	1	0	1	1	0	0
cell13	0	0	0	1	1	1	0	0	1	0	0	1	1	1	0	1	0	1	1	1	1	1	1	1	1	0	0	1	1	0	1	1	0	1	0	1	1	1	1	0	0	0	1	1	1	1	0	0	1	0	1	0	1	1	1	0	0	0	1	0	0	0	1	1	1	0	0	0	0	1	0	0	1	1	1	1	0	0	1	1	0	1	0	1	0	0	0	0	1	0	0	1	0	1	1	0	1	0	1	1	1	1	1	0	1
cell14	1	1	0	0	1	0	1	1	1	1	0	1	1	0	1	0	1	0	0	1	1	0	1	1	1	1	1	0	1	0	1	0	1	1	1	0	1	1	0	1	1	1	0	0	1	1	0	1	0	1	1	1	1	1	1	0	1	0	0	1	0	1	1	1	1	0	1	1	1	1	0	0	1	1	1	1	0	1	1	0	1	1	0	1	0	1	1	1	1	1	1	0	1	1	1	1	1	1	1	0	0	1	1	1	1
cell15	1	1	0	1	0	0	1	1	1	1	0	1	1	1	1	0	0	0	1	0	0	0	0	0	0	0	0	0	0	0	1	0	1	1	1	1	0	1	0	0	1	1	0	0	0	1	1	0	1	0	0	1	0	1	1	0	1	0	0	1	0	0	1	0	1	0	1	1	0	1	0	0	1	0	1	1	0	1	1	0	0	1	0	1	1	1	0	0	1	1	0	1	1	1	1	1	1	0	1	0	0	0	1	0	0
cell16	0	0	1	0	1	1	0	0	1	0	0	1	0	1	0	1	0	1	1	1	1	1	1	0	1	0	0	1	1	0	0	1	0	1	0	1	1	0	0	0	0	0	1	1	1	1	0	1	1	1	1	0	0	0	0	1	1	0	1	0	0	0	1	0	1	0	0	0	0	0	1	0	1	0	0	1	1	0	1	0	0	0	1	1	0	1	0	0	1	0	0	1	1	1	0	0	1	0	1	1	1	1	1	0	1
cell17	0	0	0	1	0	0	0	0	1	0	0	0	0	1	0	0	0	0	0	1	1	0	1	0	0	0	0	0	0	0	1	0	0	1	0	0	1	0	0	0	0	0	0	0	0	0	0	0	1	1	1	0	0	1	1	0	0	0	0	0	0	0	1	1	1	0	0	0	0	1	1	0	1	0	1	0	0	0	0	0	0	0	0	1	0	1	0	0	1	0	0	1	1	1	0	0	1	0	0	0	0	0	0	0	1
cell18	0	0	1	1	0	1	0	0	1	0	0	1	1	1	0	0	0	1	1	1	1	1	0	1	1	0	0	0	1	0	1	1	0	1	0	0	1	1	1	0	0	0	1	0	1	1	0	0	1	0	0	0	1	1	1	1	1	0	0	0	0	0	1	0	0	0	0	0	0	1	0	0	0	1	1	1	1	0	1	1	0	1	1	0	0	1	0	0	1	0	0	0	1	1	1	0	1	0	1	1	1	1	1	0	0
cell19	0	0	1	0	1	0	1	0	1	1	0	0	1	1	0	0	0	1	1	0	1	1	1	0	0	0	0	1	0	0	1	1	0	1	0	0	1	0	1	0	0	0	1	1	1	1	0	1	1	0	1	0	1	1	1	1	0	0	1	0	0	0	1	0	1	0	0	0	0	0	0	1	1	1	0	1	1	0	0	1	0	1	1	1	0	1	0	0	1	0	0	0	1	1	1	0	1	0	1	1	1	1	0	0	1
cell20	1	1	0	0	1	0	1	1	1	1	0	1	1	1	1	0	1	0	0	1	0	0	0	1	1	1	1	0	0	1	1	0	1	1	1	1	1	1	0	0	1	1	0	0	0	1	1	0	1	1	1	0	1	0	0	0	0	1	0	1	0	1	1	1	0	1	0	1	1	1	0	0	1	1	1	0	0	0	0	0	1	1	0	1	1	1	1	1	1	0	1	1	0	1	1	1	1	1	0	0	1	1	1	0	1
cell21	0	1	0	0	1	0	1	0	1	1	0	1	1	0	1	0	1	0	0	0	1	1	0	1	1	1	1	0	0	1	0	1	1	1	1	0	1	0	0	0	1	1	1	0	1	0	1	1	1	0	1	1	0	0	0	0	0	0	0	0	0	0	1	1	1	1	0	1	1	0	0	0	0	1	0	1	0	1	0	1	0	1	0	1	0	1	1	0	0	0	0	0	1	0	0	0	1	1	0	0	0	1	1	1	1
cell22	1	1	1	1	1	1	1	1	1	1	0	1	1	0	1	0	0	1	0	1	1	1	1	1	1	0	0	0	1	1	0	0	1	1	0	1	1	0	1	0	0	1	0	0	1	1	0	1	1	0	1	1	1	1	1	0	0	1	0	1	0	1	0	0	1	0	0	1	1	1	0	0	0	1	1	0	1	1	1	0	0	1	0	1	0	1	0	0	1	1	1	0	1	1	1	1	1	0	1	1	1	1	1	1	1
cell23	0	0	1	0	0	1	0	0	1	0	0	0	1	0	0	1	0	0	0	1	0	0	0	0	0	1	1	0	1	0	1	1	0	1	0	1	1	0	1	0	0	0	0	0	1	1	0	0	1	0	0	0	0	1	1	0	0	0	0	0	0	0	1	0	1	0	0	0	1	1	1	1	0	0	0	0	1	0	0	1	0	0	1	1	0	1	0	1	1	0	0	1	0	0	1	0	1	0	0	0	0	0	0	1	0
cell24	1	1	1	0	1	0	1	1	1	1	1	1	1	0	1	1	1	1	1	1	1	1	1	0	1	1	0	1	1	1	1	1	1	1	0	1	1	1	0	1	1	1	1	0	1	1	1	1	1	0	1	1	1	1	1	1	0	0	0	1	1	1	1	1	1	0	1	0	1	1	1	1	1	1	1	1	1	0	1	1	0	1	0	1	0	1	1	1	0	1	0	1	1	1	1	0	1	1	1	1	0	1	1	0	1
cell25	0	0	0	0	1	0	1	0	1	1	0	1	1	0	1	0	1	0	0	1	1	0	1	1	0	1	1	0	1	1	0	0	1	1	1	0	0	1	0	1	0	1	0	0	0	1	1	1	0	0	0	1	1	0	0	0	1	0	0	1	0	1	1	0	1	1	1	0	1	1	0	0	0	1	0	1	0	1	1	0	1	1	0	1	0	1	1	0	1	0	1	0	1	1	0	1	1	1	0	0	0	0	1	0	1
cell26	1	0	0	1	1	0	0	0	1	0	0	1	1	0	0	0	1	0	0	1	0	0	1	0	0	1	0	0	1	1	0	0	1	1	1	0	0	0	0	1	0	1	0	0	0	0	1	0	1	0	0	1	0	0	0	0	0	0	0	1	0	0	1	0	0	0	0	1	1	0	0	0	0	0	0	1	0	0	0	0	1	1	0	1	1	1	1	1	1	0	0	0	0	0	0	1	1	1	0	0	0	1	0	1	0
cell27	0	0	0	0	0	0	0	1	1	0	0	0	0	1	1	0	0	0	0	0	1	0	1	1	1	0	0	0	1	1	0	0	1	0	1	0	1	0	0	1	0	0	0	0	0	1	1	1	1	1	1	1	0	1	1	0	0	0	0	1	0	1	1	1	0	0	1	1	0	0	0	0	1	0	1	1	0	0	1	0	0	0	0	0	0	1	0	0	0	0	0	0	0	0	1	1	0	1	0	0	0	1	0	1	0
cell28	1	1	1	0	1	0	1	1	1	1	0	1	1	0	0	0	0	0	0	1	1	1	1	0	1	0	1	1	1	1	1	1	0	1	1	1	1	1	1	0	0	1	1	1	0	1	0	0	1	0	1	0	1	1	1	0	1	1	1	1	0	1	1	0	1	0	1	1	1	1	0	1	1	1	1	1	1	0	1	1	0	1	0	1	1	1	1	1	1	0	1	1	1	1	1	1	1	1	1	1	1	1	1	1	1
cell29	0	0	1	0	1	1	0	0	1	0	0	1	1	0	0	1	0	1	0	1	1	1	1	1	1	0	0	1	0	0	1	0	0	0	0	1	1	0	1	0	0	0	1	1	1	1	0	0	1	0	0	0	1	1	1	1	1	0	1	0	0	0	0	0	1	0	0	0	0	1	0	0	0	1	0	1	1	0	0	0	0	1	0	1	0	0	0	0	1	0	0	0	1	1	1	0	1	0	1	0	1	1	1	0	0
cell30	1	1	0	0	1	0	1	1	1	1	0	1	1	1	1	0	0	0	0	1	1	0	0	0	1	1	1	0	0	1	1	0	0	1	1	1	1	1	0	0	0	0	0	0	0	1	0	0	1	1	1	1	1	1	1	0	0	0	0	1	0	1	0	1	1	1	1	1	1	1	0	0	1	1	1	1	0	1	1	0	1	0	0	0	1	1	1	1	1	0	1	1	1	1	1	1	1	1	0	0	0	1	1	1	1
cell31	0	0	1	1	1	1	0	0	1	0	0	1	1	0	0	1	0	1	1	1	0	1	1	0	1	0	0	0	1	0	0	1	0	1	0	0	1	0	1	0	0	0	1	0	1	1	0	0	1	1	1	0	1	1	1	0	1	0	1	0	0	0	0	0	1	0	0	0	0	1	1	1	0	1	1	0	0	0	1	0	0	1	0	1	0	1	0	0	1	0	0	0	1	1	1	0	1	0	1	1	0	0	1	0	0
cell32	0	0	1	0	1	0	0	0	1	0	0	0	1	1	1	1	0	1	1	1	1	1	1	0	0	0	0	0	0	0	0	0	0	1	0	0	1	0	1	0	0	0	1	1	1	1	0	0	1	1	1	0	1	0	0	0	1	0	1	0	0	0	0	1	1	0	0	0	0	1	0	1	1	1	0	1	1	0	0	1	0	1	0	1	0	1	0	0	1	0	0	1	0	1	1	0	0	0	1	1	0	1	1	0	1
cell33	1	1	0	0	0	0	1	1	1	1	0	1	0	1	1	0	0	0	1	0	0	0	1	1	1	1	1	0	1	1	0	0	0	1	1	0	1	1	0	1	1	1	0	0	0	0	0	1	0	0	1	1	1	1	1	0	1	0	0	1	0	0	0	0	1	1	1	0	1	1	1	0	0	1	0	1	0	0	1	0	1	0	0	1	1	0	1	1	1	1	0	0	1	1	1	0	0	1	1	0	0	1	1	1	0
cell34	0	0	1	0	0	0	0	0	1	0	0	1	0	0	0	1	0	0	0	1	1	1	0	1	1	0	0	0	1	0	1	0	0	1	0	0	0	1	1	0	0	0	1	0	1	0	0	0	1	1	1	0	0	0	0	1	1	1	0	0	0	0	0	1	1	0	0	0	0	0	0	1	0	1	1	1	0	0	1	1	0	0	0	1	0	1	0	0	0	0	0	0	1	0	1	0	0	0	0	1	0	1	0	0	1
cell35	0	0	1	0	1	1	0	0	0	0	0	1	1	0	0	1	0	1	0	0	0	1	0	0	1	0	0	1	0	0	0	0	0	1	0	1	1	1	1	0	0	0	1	1	1	1	0	0	0	1	0	0	1	1	1	0	0	0	0	0	0	0	1	1	1	0	0	0	0	0	0	0	0	1	1	1	0	0	1	1	0	0	0	1	0	0	0	0	1	0	0	1	0	1	1	0	0	0	1	0	1	1	0	0	0
cell36	0	0	0	1	1	1	0	0	1	0	0	1	0	0	0	1	0	1	0	0	0	1	0	0	0	0	0	1	1	0	0	1	0	1	0	1	1	1	1	0	0	0	1	0	0	1	0	0	1	1	1	0	1	1	1	0	1	1	0	0	0	0	1	0	1	0	0	0	0	1	0	1	0	1	1	1	0	0	1	1	0	0	1	0	0	1	0	0	0	0	0	0	1	1	1	0	1	0	1	1	0	0	0	0	1
cell37	1	1	0	1	1	0	1	1	1	1	0	1	1	0	1	0	0	0	1	1	1	0	1	0	1	1	0	0	0	1	0	0	1	0	0	0	1	0	0	1	0	1	0	0	0	1	1	1	1	0	0	0	1	1	1	0	1	0	0	1	0	1	1	0	1	1	1	1	1	1	0	0	0	1	1	1	0	0	1	0	1	1	0	0	1	1	1	1	0	1	1	0	0	1	1	1	1	0	1	0	1	1	1	1	1
cell38	0	0	1	0	1	1	0	0	1	0	0	1	1	0	0	1	0	1	0	1	1	1	0	1	1	0	0	1	1	0	1	0	0	1	0	0	1	0	1	0	0	0	1	0	0	1	0	0	1	0	1	0	1	1	1	1	1	0	1	0	0	0	1	0	0	0	0	0	0	1	0	1	1	1	1	1	1	0	1	1	0	0	1	1	0	0	0	0	1	0	0	1	1	1	1	0	1	0	1	1	0	0	0	0	1
cell39	1	1	0	1	1	0	1	0	1	1	0	1	0	0	1	0	0	1	0	0	0	0	0	1	1	0	1	0	0	0	0	0	0	1	1	1	1	1	0	1	1	1	0	0	0	1	0	1	0	0	0	1	1	0	0	0	0	1	0	1	0	1	0	0	1	1	1	0	1	1	0	0	1	0	0	1	0	1	1	0	1	0	0	1	0	1	1	0	1	1	0	1	1	1	1	1	1	0	1	0	1	1	0	0	1
cell40	1	1	0	1	0	0	1	0	0	1	0	1	0	1	1	0	1	0	1	0	1	0	1	0	1	1	0	0	1	1	1	0	1	1	1	1	1	1	0	1	1	1	0	0	0	1	1	1	1	0	1	1	1	1	1	0	1	0	0	1	0	0	0	1	1	0	0	1	1	0	1	0	1	1	1	1	0	1	1	0	0	1	0	1	0	1	1	1	1	0	1	1	1	1	1	1	1	1	0	0	1	1	1	1	1
cell41	1	1	1	0	1	1	1	0	1	1	1	1	1	0	1	0	1	0	1	1	1	1	1	1	1	1	0	1	1	1	1	1	1	1	0	1	1	1	1	1	1	0	1	0	1	1	1	1	1	1	1	0	1	1	1	0	0	0	1	1	1	1	1	1	1	0	1	0	1	1	1	0	1	1	1	1	0	1	1	1	1	1	0	1	0	1	0	1	1	1	0	1	0	1	1	0	1	1	1	1	1	1	1	1	1
cell42	0	0	1	1	1	1	0	0	1	0	0	1	1	1	0	1	0	1	0	1	1	1	0	1	0	0	0	1	1	0	1	1	0	0	0	1	1	1	1	0	0	0	1	0	1	1	0	0	1	1	1	0	1	0	0	1	0	1	1	0	0	0	1	1	1	0	0	0	0	1	1	1	0	1	0	1	0	0	1	1	0	1	1	1	0	1	0	0	1	0	0	1	1	1	1	0	1	0	1	1	0	1	0	0	0
cell43	1	1	0	1	1	0	1	1	1	1	0	1	0	0	1	0	1	0	1	1	1	0	1	0	1	1	1	0	1	0	1	0	0	1	1	0	1	0	0	1	1	1	0	0	0	1	0	1	1	1	1	1	1	1	1	0	0	0	0	0	0	1	1	1	1	1	1	1	1	1	1	0	1	1	1	1	0	1	1	0	1	1	0	0	1	1	1	1	0	1	1	0	0	1	1	0	0	1	1	0	0	1	1	1	1
cell44	0	0	0	0	1	1	0	0	0	0	0	0	1	1	0	1	0	1	0	1	1	1	1	1	0	0	0	1	0	0	0	1	0	1	0	1	1	1	0	0	0	0	1	1	1	0	0	0	1	0	0	0	1	0	0	0	0	0	0	0	0	0	0	0	1	0	0	0	0	1	1	1	1	0	1	0	1	0	1	1	0	0	0	1	0	1	0	0	1	0	0	0	0	1	1	0	1	0	1	0	0	1	0	0	0
cell45	0	1	0	0	1	0	1	1	1	1	0	1	1	0	1	0	1	0	0	0	1	0	0	1	1	1	1	0	1	1	1	1	1	1	1	1	1	1	0	0	1	0	0	0	0	1	1	1	1	1	0	1	1	1	1	0	1	0	0	1	0	1	1	1	0	1	1	0	1	1	0	0	1	1	0	0	0	1	1	0	1	1	0	1	1	0	0	1	0	1	1	1	0	1	0	0	1	1	1	0	1	1	0	1	1
cell46	0	0	1	0	1	1	0	0	1	0	0	1	1	1	0	1	0	1	1	1	1	0	1	0	1	0	0	1	0	0	0	1	0	1	0	1	1	1	1	0	0	0	1	1	1	0	0	0	1	0	1	0	0	1	1	1	0	0	1	0	0	0	0	0	1	0	0	0	0	1	0	0	1	1	0	0	0	0	1	1	0	0	0	0	0	1	0	0	1	0	0	1	0	1	1	0	1	0	1	1	1	1	1	0	1
cell47	0	0	1	1	1	0	0	0	1	0	0	0	1	0	0	1	0	0	0	0	1	1	1	0	1	0	0	1	1	0	1	0	0	1	0	1	1	1	0	0	0	0	1	1	1	0	0	0	1	1	0	0	1	1	1	0	0	0	1	0	0	0	1	1	0	0	0	0	0	1	0	0	0	1	1	1	1	0	1	1	0	1	0	0	0	0	0	0	1	0	0	1	0	0	0	0	0	0	1	1	0	1	1	0	1
cell48	0	1	0	0	1	0	0	1	0	0	0	0	1	1	1	0	1	0	0	1	0	0	1	0	1	1	1	0	0	1	1	0	1	0	1	0	1	1	0	1	0	0	0	0	0	1	1	0	1	0	1	0	1	1	1	0	0	1	0	1	0	1	0	1	1	0	1	0	1	1	0	0	0	1	1	1	0	1	1	0	1	1	0	0	1	1	1	0	1	1	1	1	0	1	1	1	1	1	1	0	1	1	0	1	1
cell49	0	0	1	1	1	1	0	0	1	0	0	0	0	0	0	1	0	1	1	0	1	0	1	1	0	0	0	1	1	0	1	1	0	1	0	0	1	1	1	0	0	0	1	1	1	1	0	0	1	0	1	0	1	1	1	0	0	0	0	0	0	0	1	0	0	0	0	0	0	1	0	1	1	1	1	1	1	0	0	1	0	1	1	1	0	1	0	0	1	0	0	1	0	1	1	0	1	0	1	1	0	0	1	0	1
cell50	0	0	1	0	0	1	0	0	1	0	0	1	1	0	0	1	0	1	1	1	1	0	0	0	1	0	0	0	1	0	1	1	0	1	0	0	1	0	0	0	0	0	1	0	1	1	0	0	1	0	1	0	0	1	1	0	0	0	1	1	0	0	1	1	1	0	0	0	0	1	0	1	1	1	1	1	1	0	1	1	0	1	0	1	0	1	0	0	1	0	0	1	1	1	1	0	1	0	1	1	1	1	1	0	1
cell51	0	0	1	0	0	1	0	0	1	0	0	1	1	1	0	0	0	1	0	1	1	1	0	1	1	0	0	1	1	0	0	1	0	1	0	1	1	1	1	0	0	0	1	0	1	1	0	0	1	1	1	0	1	0	0	1	0	0	0	0	0	0	1	1	1	0	0	0	0	0	0	1	1	1	1	0	0	0	1	1	0	0	1	1	0	0	0	0	0	0	0	1	1	1	1	0	0	0	1	1	1	1	1	0	1
cell52	0	0	1	0	0	1	0	0	1	0	0	1	1	0	0	1	0	0	1	1	1	0	0	0	1	0	0	1	1	0	1	1	0	1	0	1	1	1	1	0	0	0	1	0	1	1	0	0	1	0	1	0	1	1	1	1	0	0	0	0	0	0	1	1	1	0	0	0	0	1	0	1	1	1	0	1	1	0	0	1	0	1	1	0	0	1	0	0	1	0	0	1	0	1	1	0	1	0	1	1	0	1	1	0	1
cell53	1	0	0	0	1	0	1	0	1	1	0	1	0	1	1	0	1	0	0	1	1	0	0	1	1	1	0	0	0	1	0	0	1	1	1	1	1	0	0	1	1	0	0	0	0	1	1	1	1	1	1	1	1	1	1	0	0	1	0	1	0	1	1	1	1	1	1	0	1	1	0	0	0	1	0	1	0	1	1	0	1	1	0	1	1	1	1	1	1	0	1	1	0	1	1	1	1	1	1	0	1	1	1	1	1
cell54	0	0	0	1	1	0	0	0	0	0	0	1	1	1	0	0	0	0	0	1	1	0	0	1	1	0	0	0	1	0	1	0	0	1	0	1	1	0	0	0	0	0	0	0	0	1	0	0	1	0	0	0	1	0	0	0	1	0	0	0	1	0	1	0	1	0	0	0	0	1	0	0	1	1	1	0	0	0	1	0	0	0	0	1	0	1	0	0	0	0	0	1	1	1	1	0	1	0	1	0	0	1	1	0	1
cell55	1	1	0	1	0	0	1	0	1	1	0	1	1	0	1	0	1	0	0	1	1	0	0	1	1	0	1	0	0	1	1	0	0	1	0	0	0	0	0	0	0	1	0	0	0	1	0	1	1	0	1	0	1	1	1	0	0	0	0	1	0	1	1	1	1	1	1	1	1	0	1	0	0	1	1	1	0	0	1	0	1	1	0	1	0	1	1	1	1	1	0	1	0	1	1	1	0	1	1	0	1	0	0	1	1
cell56	0	0	0	0	1	0	0	0	1	0	0	1	1	0	0	0	0	1	1	1	1	1	1	0	1	0	0	1	1	0	1	1	0	1	0	1	1	1	1	0	0	0	0	1	1	0	0	0	1	0	1	0	0	0	0	0	1	0	1	0	0	0	1	0	1	0	0	0	0	1	0	1	1	1	1	1	1	0	0	1	0	1	0	1	0	1	0	0	1	0	0	1	1	0	1	0	1	0	1	1	1	1	1	0	1
cell57	1	1	1	1	1	1	1	1	1	1	1	1	1	0	1	1	1	1	1	1	1	1	1	1	1	0	1	1	1	1	1	0	1	1	0	1	1	1	0	1	1	1	1	1	1	1	1	1	1	0	1	1	1	1	1	1	0	0	1	1	1	1	1	1	1	1	1	1	1	1	0	1	0	1	0	1	1	0	1	1	0	1	0	1	0	1	1	1	1	1	1	1	1	1	1	1	1	1	1	1	1	1	1	1	1
cell58	0	0	1	0	1	0	0	0	1	0	0	0	1	0	0	1	0	1	0	1	1	0	0	1	1	0	0	0	1	0	0	0	0	1	0	1	1	1	0	0	0	0	1	1	0	0	0	0	0	1	1	0	1	1	1	0	1	0	1	0	0	0	1	0	0	0	0	0	0	1	1	0	1	1	1	1	0	0	1	1	0	1	0	0	0	1	0	0	0	0	0	1	0	0	1	0	1	0	1	1	1	1	0	0	1
cell59	1	0	0	1	1	0	0	1	1	0	0	1	1	0	1	0	1	0	0	1	1	0	1	0	1	0	0	0	1	1	0	0	1	0	1	0	1	1	0	0	0	1	0	0	0	1	1	1	1	0	1	1	1	1	1	0	1	1	0	1	0	0	1	1	0	0	1	0	0	1	1	0	0	1	1	1	0	0	1	0	0	1	0	1	1	1	0	1	1	0	1	1	1	0	0	0	1	1	0	0	0	1	1	0	1
cell60	1	1	0	1	1	0	1	1	1	1	0	1	0	1	1	0	1	0	1	0	1	0	0	1	1	1	1	0	0	1	1	0	1	0	0	1	1	0	0	0	1	0	0	0	0	1	0	1	0	0	0	0	1	1	1	0	0	0	0	1	1	0	1	1	1	1	1	0	1	1	0	0	1	1	0	1	0	0	1	0	0	1	0	1	1	0	1	1	1	1	1	0	1	1	0	0	0	1	1	0	0	1	0	1	1
cell61	0	0	1	1	0	1	0	0	1	0	0	1	1	1	0	1	0	0	0	1	1	1	1	1	1	0	0	0	0	0	0	1	0	1	0	0	1	0	1	0	0	0	1	1	1	1	0	0	0	0	1	0	1	1	1	1	1	0	1	0	0	0	1	1	0	0	0	0	0	1	0	0	1	0	1	1	1	0	1	1	0	0	0	1	0	1	0	0	0	0	0	1	1	1	1	0	1	0	0	1	0	1	1	0	1
cell62	1	1	0	1	0	0	1	1	1	1	0	1	1	1	1	0	1	0	0	1	1	0	1	1	1	1	1	0	1	1	1	0	1	1	1	1	1	1	0	1	1	1	0	0	0	1	1	1	1	1	1	1	1	1	1	0	1	1	0	1	0	1	1	1	1	1	1	1	1	1	1	0	1	1	1	1	0	1	1	0	1	1	0	1	1	1	1	1	1	1	1	0	1	0	1	1	1	1	1	0	1	1	1	1	1
cell63	0	0	0	0	1	0	0	0	1	0	0	1	1	0	0	1	0	1	0	1	1	1	1	1	0	0	0	0	1	0	1	0	0	1	0	1	0	1	0	0	0	0	1	1	1	0	0	0	1	0	1	0	1	1	1	0	0	0	0	1	0	0	0	0	1	0	0	0	0	1	0	1	1	1	1	1	0	0	1	1	0	1	1	0	0	1	0	0	0	0	0	0	1	1	1	0	0	0	1	1	0	1	1	0	1
cell64	1	0	0	1	1	0	1	0	1	1	0	1	0	1	1	0	1	0	0	1	1	0	1	0	1	0	0	0	0	1	0	0	1	1	1	1	1	0	0	1	1	1	0	0	0	1	1	0	1	0	1	0	1	1	1	0	1	1	0	1	0	1	1	1	1	0	1	1	0	1	0	0	0	1	0	1	0	0	0	0	0	1	0	1	0	1	0	1	1	0	0	0	1	1	1	1	1	1	1	0	0	1	0	0	1
cell65	1	1	0	1	0	0	1	1	1	1	0	1	1	1	1	0	1	0	0	1	1	0	1	1	1	1	0	0	1	1	1	0	1	1	1	1	1	1	0	1	1	1	0	0	0	1	0	1	1	0	1	0	1	0	0	0	0	0	0	1	0	1	1	0	1	1	1	0	1	1	0	0	1	0	1	1	0	1	1	0	0	1	0	1	1	1	1	1	1	1	1	1	1	1	1	0	1	1	1	0	0	1	1	1	1
cell66	0	0	1	0	1	1	0	0	1	0	0	1	1	0	0	1	0	1	0	1	0	1	1	0	0	0	0	0	0	0	0	1	0	1	0	0	1	1	1	0	0	0	1	1	1	1	0	0	1	1	0	0	0	1	1	0	1	0	0	0	0	0	1	0	1	0	0	0	0	1	0	0	1	1	1	0	1	0	1	0	0	0	1	1	0	1	0	0	1	0	0	0	0	1	1	0	1	0	0	1	1	1	1	0	1
cell67	0	0	1	1	1	1	0	0	1	0	0	1	1	1	0	1	0	1	1	0	0	1	1	0	1	0	0	1	0	0	0	1	0	1	0	0	1	0	0	0	0	0	1	1	1	1	0	0	1	0	1	0	1	1	1	1	1	0	1	0	0	0	1	1	1	0	0	0	0	1	0	1	0	1	0	1	1	0	1	1	0	1	0	1	0	1	0	0	1	0	0	1	1	1	0	0	1	0	1	1	0	1	1	0	1
cell68	0	0	0	0	0	0	0	0	0	0	0	0	0	0	0	0	0	0	0	0	0	0	0	0	0	0	0	0	0	0	0	0	0	0	0	0	0	0	0	0	0	0	0	0	0	0	0	1	0	0	0	0	0	0	0	0	0	0	0	0	0	0	0	0	0	0	0	0	0	0	0	0	0	1	0	0	0	0	0	0	0	0	0	0	0	0	0	0	0	0	0	0	0	0	0	0	0	0	0	0	0	0	0	0	0
cell69	0	0	0	1	0	0	1	0	1	1	0	1	0	1	1	1	0	1	0	1	0	1	0	1	0	0	0	1	1	0	1	1	0	1	0	1	1	1	1	0	0	0	1	0	1	1	0	0	1	0	1	0	0	1	1	1	0	1	1	0	0	0	1	1	1	0	0	0	0	1	1	1	1	1	0	1	1	0	1	1	0	0	0	1	0	0	0	0	0	0	0	1	1	1	1	0	1	0	1	1	1	1	1	0	1
cell70	0	0	0	0	0	0	0	0	0	0	0	0	0	0	0	0	0	0	0	0	0	0	0	0	0	0	0	0	0	0	0	0	0	0	0	0	0	0	0	0	0	0	0	0	0	0	0	0	0	0	0	0	0	0	0	0	0	0	0	0	0	0	0	0	0	0	0	0	0	0	0	0	0	0	0	0	0	0	0	0	0	0	0	0	0	0	0	0	0	0	0	0	0	0	0	0	0	0	0	0	0	0	0	0	1
cell71	0	0	1	1	1	1	0	0	1	0	0	1	0	0	0	1	0	1	0	1	1	1	1	0	1	0	0	1	1	0	1	1	0	1	0	1	1	1	1	0	0	0	1	1	1	1	0	0	0	0	0	0	1	0	0	0	0	0	1	0	0	0	1	1	1	0	0	0	0	1	0	0	0	1	1	1	1	0	1	1	0	1	0	0	0	1	0	0	1	0	0	1	1	1	1	0	1	0	0	1	0	1	1	0	1
cell72	1	0	0	1	1	0	1	1	1	1	0	1	1	0	1	0	1	0	0	1	1	0	1	0	0	0	0	0	1	1	1	0	1	1	0	0	1	1	0	1	1	0	0	0	0	0	1	1	1	0	1	0	1	1	1	0	1	0	0	1	0	1	1	0	1	0	0	1	0	1	0	0	0	1	0	1	0	0	1	0	0	1	0	1	1	1	0	0	1	1	0	0	1	1	1	1	1	1	1	0	1	1	0	1	1
cell73	1	0	0	0	1	0	1	1	1	1	0	1	1	1	1	0	1	0	0	1	0	0	0	0	1	1	0	0	0	0	0	0	1	1	1	1	0	1	0	1	1	1	0	0	0	1	1	1	0	0	1	1	1	1	1	0	1	1	0	1	0	1	1	1	0	1	1	0	1	1	0	0	0	1	0	1	0	0	1	0	1	0	0	1	1	0	1	1	1	1	0	1	1	0	1	1	1	1	1	0	0	1	1	0	1
cell74	1	1	0	0	0	0	1	1	1	1	0	1	0	1	1	0	1	0	0	0	0	0	1	0	1	1	0	0	0	1	1	0	1	1	1	0	0	1	0	1	0	0	0	0	0	1	1	1	1	1	1	1	0	1	1	0	0	0	0	1	0	1	1	1	1	1	0	1	1	1	0	0	1	1	1	1	0	1	1	0	1	0	0	1	0	1	0	1	1	1	0	1	1	1	1	0	1	0	1	0	0	1	1	1	1
cell75	0	0	1	0	0	0	0	0	0	0	0	1	1	0	0	1	0	1	1	1	1	1	0	0	1	0	0	1	1	0	1	1	0	1	0	1	1	1	1	0	0	0	1	0	0	1	0	0	1	0	0	0	1	1	1	0	1	1	0	0	0	0	1	0	1	0	0	0	0	1	0	1	1	1	1	0	1	0	0	1	0	1	1	1	0	1	0	0	1	0	0	0	1	0	1	0	1	0	1	1	1	1	1	0	1
cell76	0	0	1	0	0	1	0	0	1	0	0	1	1	0	0	1	0	1	1	0	0	1	0	0	1	0	0	0	0	0	1	1	0	1	0	1	1	1	0	0	0	0	1	0	1	0	0	0	1	1	1	0	1	1	1	1	0	0	1	0	0	0	1	1	1	0	0	0	0	1	0	1	1	1	1	1	0	0	0	1	0	1	1	1	0	1	0	0	0	0	0	1	1	1	1	0	1	0	1	1	1	1	1	0	1
cell77	0	0	1	1	1	0	0	0	1	0	0	1	0	0	0	1	0	0	0	1	1	1	1	1	1	0	0	1	1	0	0	0	0	1	0	1	1	1	1	0	0	0	0	1	1	1	0	0	1	1	1	0	1	1	1	1	1	0	1	0	0	0	1	1	1	0	0	0	0	1	1	1	0	1	1	1	1	0	1	1	0	1	1	1	0	1	0	0	0	0	0	1	1	0	1	0	1	0	1	1	0	1	1	0	1
cell78	0	0	0	0	0	0	0	0	0	0	0	0	1	1	0	0	0	0	0	0	0	1	0	0	0	0	0	0	0	0	0	0	0	0	0	0	0	0	0	0	0	0	0	0	0	0	0	0	0	0	1	0	0	0	0	0	0	0	0	0	1	0	1	0	0	0	0	0	0	1	0	0	0	0	0	0	0	0	0	0	0	0	0	1	0	1	0	0	0	0	0	0	1	0	0	0	0	0	0	0	0	0	0	0	1
cell79	0	0	1	0	1	1	0	0	1	0	0	1	1	1	0	0	0	0	0	1	0	0	1	0	0	0	0	1	0	0	0	1	0	1	0	1	0	0	1	0	1	0	0	1	1	1	0	0	1	1	0	0	1	1	1	0	0	0	0	0	0	0	0	1	0	0	0	0	0	1	0	1	1	0	1	1	1	0	1	1	0	0	0	0	0	1	0	0	1	0	0	0	0	1	1	0	0	0	0	1	0	0	1	0	0
cell80	0	0	1	1	1	1	0	0	1	0	0	1	1	0	0	0	0	0	0	0	1	1	1	0	0	0	0	0	0	0	0	0	0	1	0	1	1	1	1	0	0	0	1	0	1	1	0	0	1	0	1	0	1	1	1	1	0	0	1	0	0	0	1	1	1	0	0	0	0	1	1	0	0	1	0	1	1	0	1	1	0	1	1	0	0	1	0	0	1	0	0	1	0	1	0	0	1	0	1	1	1	0	1	0	0
cell81	1	1	0	1	1	0	1	1	1	1	0	1	1	0	1	0	1	0	1	0	1	0	1	0	1	1	1	0	1	0	0	0	0	1	1	0	1	1	0	1	1	0	0	0	0	1	0	1	0	0	1	0	0	1	1	0	0	0	0	1	0	1	0	1	0	1	1	1	1	1	1	0	1	1	1	1	0	1	1	0	1	1	0	1	1	1	1	1	0	1	1	1	1	1	1	1	0	1	1	0	1	1	1	1	1
cell82	0	0	0	0	1	1	0	0	1	0	0	1	0	1	0	1	0	0	0	1	1	1	0	0	0	0	0	1	1	0	0	1	0	1	0	0	1	0	0	0	0	0	1	1	0	1	0	0	0	1	1	0	1	0	0	0	0	0	0	0	0	0	1	0	1	0	0	0	0	0	1	1	0	1	1	1	1	0	1	1	0	0	0	1	0	1	0	0	1	0	0	0	0	0	0	0	1	0	1	1	1	0	0	0	0
cell83	1	1	1	1	1	1	1	1	1	1	1	1	1	0	1	1	1	1	1	1	1	1	1	1	1	1	0	1	1	1	1	1	1	1	0	1	1	1	1	0	1	0	1	1	1	1	1	1	1	1	1	0	1	1	1	1	1	1	0	1	1	1	1	1	1	1	1	1	1	1	1	0	1	1	1	1	0	1	1	1	1	1	0	1	0	1	1	1	1	1	0	1	1	1	1	1	1	1	1	1	1	1	1	1	1
cell84	0	1	0	0	0	0	1	1	1	1	0	1	0	0	1	0	1	0	1	1	1	0	1	0	1	1	1	0	0	1	1	0	1	1	0	0	1	1	0	0	1	1	0	0	0	1	1	1	1	1	0	1	0	0	0	0	0	0	0	1	0	1	1	1	1	1	1	0	1	1	0	0	0	1	1	1	0	1	1	0	1	0	0	0	0	0	1	1	0	0	1	1	1	1	1	1	1	0	1	0	1	1	0	1	1
cell85	1	0	0	1	1	0	1	1	1	1	0	1	1	0	1	0	1	0	0	1	0	0	1	1	1	1	0	0	0	1	0	0	1	1	0	0	1	1	0	0	1	0	0	0	0	0	1	1	0	0	0	0	1	1	1	0	0	0	0	1	0	0	1	0	1	1	0	0	1	0	0	0	1	0	1	0	0	1	1	0	1	1	0	1	0	1	0	0	0	1	0	0	1	1	1	0	1	1	0	0	1	1	1	1	0
cell86	0	0	1	0	1	1	0	0	0	0	0	0	0	0	0	1	0	1	0	0	1	0	1	0	1	0	0	1	1	0	1	0	0	1	0	1	1	0	0	0	0	0	1	0	1	1	0	0	1	0	1	0	0	1	1	0	1	0	1	0	0	0	1	1	1	0	0	0	0	1	1	1	0	1	1	1	0	0	1	0	0	1	0	1	0	1	0	0	1	0	0	1	0	1	1	0	0	0	1	1	1	0	1	0	1
cell87	0	0	1	1	1	0	0	0	1	0	0	1	0	0	0	0	0	1	0	1	1	1	1	0	1	0	0	0	1	0	0	1	0	0	0	0	1	1	1	0	0	0	0	0	1	1	0	0	1	0	1	0	0	0	0	0	0	0	1	0	0	0	1	1	1	0	0	0	0	1	0	1	1	1	1	1	1	0	0	1	0	1	0	1	0	1	0	0	0	0	0	1	0	1	1	0	1	0	0	1	0	1	1	0	1
cell88	0	1	0	1	0	0	0	0	1	0	0	1	1	0	1	0	1	0	0	0	1	0	1	0	1	0	1	0	1	1	1	0	0	1	0	1	1	1	0	1	1	0	0	0	0	1	0	1	1	0	1	1	1	1	1	0	0	0	0	1	0	1	0	1	1	1	1	0	1	1	1	0	1	1	0	1	0	1	1	0	1	1	0	1	1	1	1	1	0	1	0	1	0	1	1	1	0	1	1	0	1	1	1	1	1
cell89	0	1	0	0	0	0	1	1	1	1	0	1	1	0	0	0	1	0	0	1	1	0	1	0	1	1	1	0	1	1	0	0	1	1	1	1	1	1	0	1	1	1	0	0	0	1	1	1	0	1	1	1	0	0	0	0	0	0	0	1	0	0	1	0	0	0	1	1	0	1	0	0	0	1	1	1	0	0	1	0	1	0	0	1	0	1	1	1	1	1	1	1	1	1	1	0	1	0	1	0	1	1	1	1	1
cell90	0	0	1	0	1	1	0	0	1	0	0	0	1	1	0	1	0	0	0	1	1	0	1	1	0	0	0	0	0	0	0	1	0	1	0	0	1	1	0	0	0	0	0	0	1	1	0	0	1	1	1	0	1	1	1	1	0	0	1	0	0	0	1	0	0	0	0	0	0	1	0	0	1	1	1	1	1	0	0	1	0	1	0	0	0	1	0	0	1	0	0	0	0	0	0	0	0	0	1	1	1	0	1	0	1
cell91	0	0	0	0	0	0	0	0	0	0	0	0	0	0	0	0	0	0	0	0	0	0	0	0	0	0	0	0	0	0	0	0	0	0	0	0	0	0	0	0	0	0	0	0	0	0	0	0	0	0	0	0	0	0	0	0	0	0	0	0	0	0	0	0	0	0	0	0	0	0	0	0	0	0	0	1	0	0	0	0	0	0	0	0	0	0	0	0	0	0	0	0	0	0	0	0	0	0	0	0	0	0	0	0	0
cell92	1	0	0	0	1	0	0	1	1	0	0	1	1	0	1	0	1	0	1	1	1	0	1	1	1	0	0	0	1	1	0	0	1	0	0	0	0	1	0	1	0	1	0	0	0	1	1	1	1	0	1	0	0	1	1	0	1	0	0	1	0	1	1	1	1	0	1	1	0	0	0	0	1	1	0	0	0	0	1	0	0	0	0	0	0	1	0	1	0	1	1	1	0	0	1	1	1	1	1	0	0	1	0	1	1
cell93	1	1	0	1	0	0	0	0	0	0	0	1	1	1	1	0	1	1	1	1	0	0	0	0	0	1	1	0	1	1	1	0	1	1	0	0	1	1	0	1	1	1	0	0	0	0	1	1	0	0	1	1	1	1	1	0	0	0	0	1	0	1	1	1	1	0	1	1	1	1	0	0	0	0	0	1	0	1	0	0	1	0	0	0	0	1	1	1	1	1	0	1	1	0	0	1	0	1	1	0	1	1	1	1	1
cell94	0	0	1	0	1	1	0	0	1	0	0	1	1	0	0	1	0	0	0	1	1	1	1	0	0	0	0	1	0	0	0	0	0	1	0	0	1	1	1	0	0	0	0	1	1	0	0	0	1	0	1	0	1	1	1	1	1	0	1	0	0	0	1	0	0	0	0	0	0	1	0	1	1	1	0	1	1	0	1	1	0	1	0	0	0	1	0	0	1	0	0	1	1	0	1	0	1	0	1	0	1	1	1	0	1
cell95	0	0	0	0	0	0	0	0	1	0	0	1	1	0	0	1	0	0	0	1	0	1	0	1	1	0	0	0	1	0	0	0	0	1	0	1	1	1	1	0	0	0	1	0	1	0	0	0	0	1	1	0	1	0	0	1	0	1	0	0	0	0	1	1	1	0	0	0	0	1	0	1	1	1	0	1	1	0	1	0	0	1	1	0	0	1	0	0	1	0	0	1	0	1	1	0	1	0	0	0	1	1	1	0	0
cell96	0	0	1	1	1	0	0	0	1	0	0	1	1	0	0	1	0	1	1	1	1	1	1	1	1	0	0	0	1	0	1	1	0	1	0	0	1	1	1	0	0	0	0	1	1	1	0	0	1	0	1	0	0	1	1	1	0	0	1	0	0	0	1	1	0	0	0	0	0	1	0	0	0	0	0	0	1	0	1	0	0	1	0	1	0	1	0	0	1	0	0	0	0	1	1	0	1	0	1	1	0	1	1	0	1