cellID/mutID	mut0	mut1	mut2	mut3	mut4	mut5	mut6	mut7	mut8	mut9	mut10	mut11	mut12	mut13	mut14	mut15	mut16	mut17	mut18	mut19	mut20	mut21	mut22	mut23	mut24	mut25	mut26	mut27	mut28	mut29	mut30	mut31	mut32	mut33	mut34	mut35	mut36	mut37	mut38	mut39
cell0	1	0	1	1	1	2	1	1	1	1	1	0	0	0	0	0	0	0	0	0	0	2	0	0	0	0	0	2	0	0	0	0	0	0	0	2	0	0	0	0
cell1	1	1	1	1	2	1	2	1	1	1	0	0	0	0	0	0	0	2	0	0	0	0	0	0	0	2	0	0	0	0	0	0	2	0	0	0	0	0	0	0
cell2	1	1	0	1	1	1	1	1	1	0	1	0	0	0	0	0	0	0	2	2	0	0	0	0	0	0	0	0	0	2	2	0	0	0	0	0	0	0	0	0
cell3	1	2	1	1	1	1	1	1	1	1	1	1	1	2	0	1	1	1	1	0	0	2	0	1	1	1	0	2	2	0	0	0	0	0	0	0	0	0	2	2
cell4	1	1	0	0	0	1	0	1	1	1	2	0	0	0	0	0	0	0	0	0	0	0	0	0	0	2	0	0	0	0	0	0	0	0	0	0	0	0	0	0
cell5	0	1	1	1	1	1	1	1	1	1	1	1	0	1	0	1	1	1	2	1	1	1	1	1	1	1	0	0	0	0	0	0	0	0	0	0	2	0	2	0
cell6	0	2	1	1	1	1	2	1	1	2	1	0	0	2	0	0	0	2	0	2	0	2	0	0	0	0	0	2	0	0	2	0	2	0	0	0	2	0	2	0
cell7	1	0	1	1	1	2	1	2	1	1	1	0	2	0	0	0	0	0	0	2	0	0	0	0	0	2	0	0	2	2	0	0	0	0	0	0	0	2	0	0
cell8	1	2	1	1	1	1	2	1	1	1	1	0	0	0	0	0	0	0	0	0	0	0	2	0	0	2	2	2	0	0	0	0	0	0	0	0	2	0	0	0
cell9	1	2	2	1	1	0	1	2	1	1	1	0	0	0	0	0	0	0	0	0	2	0	0	0	0	0	0	0	2	0	0	0	0	0	0	0	0	0	0	0
cell10	1	0	1	2	1	0	2	2	0	1	1	1	1	2	1	2	2	1	1	1	0	1	1	1	1	1	1	1	1	1	2	1	1	2	2	1	1	1	1	1
cell11	1	1	1	1	1	1	1	2	2	1	1	1	0	1	1	0	1	1	1	1	1	1	1	1	2	1	0	0	0	0	0	0	2	0	0	0	0	0	0	0
cell12	0	1	1	1	1	1	1	1	1	1	2	0	0	0	2	0	0	2	0	0	0	0	0	2	0	2	0	0	0	2	0	0	0	0	2	0	0	0	0	2
cell13	1	0	1	1	1	2	1	1	1	1	1	0	0	0	0	0	0	0	0	0	0	2	0	0	0	0	0	2	0	0	0	0	0	0	0	2	0	0	0	0
cell14	1	1	0	1	1	1	0	1	1	1	1	2	0	0	0	0	0	0	0	2	0	0	2	2	0	0	0	2	0	0	0	0	2	2	0	0	0	0	0	0
cell15	2	0	1	1	1	1	1	1	1	1	1	0	2	1	0	1	2	1	1	1	1	1	1	1	0	1	1	1	2	1	1	2	2	2	0	1	0	1	0	2
cell16	1	1	1	1	1	1	0	0	1	1	1	2	1	1	1	0	1	1	1	1	1	2	1	0	2	1	0	0	0	0	0	0	0	0	0	0	0	0	2	0
cell17	1	1	1	1	0	1	1	1	2	1	1	0	0	0	0	0	0	0	0	0	0	0	0	0	0	0	0	2	0	0	0	2	0	0	0	2	0	0	2	0
cell18	1	1	2	1	1	0	1	1	1	1	1	2	0	0	0	0	0	2	0	0	0	0	0	0	2	0	0	0	0	0	0	0	0	0	0	0	0	0	0	0
cell19	2	1	1	1	2	1	0	1	1	1	0	2	0	2	2	0	0	2	0	0	0	0	0	0	0	0	0	0	0	0	0	0	0	0	0	0	0	0	0	0
