cellID/mutID	mut10	mut16	mut11	mut13	mut2	mut3	mut12	mut1	mut6	mut7	mut4	mut5	mut14	mut8	mut9	mut15
cell0	0	1	0	1	0	0	0	0	0	0	0	0	0	0	0	1
cell1	0	0	1	1	1	0	1	0	1	0	1	1	0	0	1	0
cell2	1	1	1	1	1	0	1	1	1	0	0	1	0	0	0	0
cell3	1	1	0	1	0	1	0	0	0	0	0	0	0	0	0	1
cell4	0	1	0	1	0	1	0	0	0	0	0	0	0	0	0	1
cell5	1	0	0	1	1	0	1	0	1	1	1	1	0	0	0	0
cell6	1	0	1	0	1	0	1	0	1	0	0	1	1	0	1	0
cell7	1	0	1	1	1	0	1	1	1	0	0	1	1	1	1	0
cell8	1	1	1	1	0	0	1	0	0	0	0	0	0	0	1	1
cell9	0	0	1	1	0	0	0	0	0	0	0	0	0	1	0	0
cell10	0	0	0	0	1	0	0	0	0	0	0	0	0	0	0	0
cell11	1	0	1	1	0	0	0	0	1	1	0	0	0	0	1	0
cell12	1	1	0	1	0	0	0	0	0	0	0	0	0	0	0	1
cell13	1	0	1	0	0	0	0	0	0	0	0	0	0	1	0	0
cell14	1	0	1	1	1	0	1	0	1	0	0	0	0	0	0	0
cell15	1	0	1	0	1	0	1	0	1	1	0	1	0	0	1	0
cell16	1	1	0	0	0	1	0	0	0	0	0	0	0	0	0	1
cell17	1	0	1	1	1	0	1	0	1	1	1	0	0	0	1	0
cell18	1	1	1	1	1	0	1	0	1	0	0	1	1	0	1	0
cell19	0	0	1	1	0	0	0	0	0	0	0	0	0	0	0	0
cell20	1	0	1	1	0	0	0	0	0	0	0	0	0	0	0	0
cell21	1	0	1	1	0	1	0	0	0	0	0	0	0	0	0	1
cell22	1	1	1	1	0	1	0	0	0	0	0	0	0	0	0	1
cell23	1	0	1	1	0	0	0	0	1	0	0	0	0	0	0	0
cell24	1	1	1	1	1	1	1	1	1	1	1	1	1	1	1	1
cell25	1	1	0	1	0	1	0	0	0	0	0	0	0	0	0	1
cell26	1	0	1	1	0	0	0	0	0	0	0	0	0	0	0	0
cell27	1	1	1	1	0	1	0	0	0	0	0	0	0	0	0	1
cell28	1	0	0	1	0	0	1	1	1	0	0	0	1	0	1	0
cell29	0	1	1	1	0	1	0	0	0	0	0	0	0	0	0	0
cell30	1	1	1	0	0	1	0	0	0	1	0	0	0	0	0	1
cell31	1	0	1	1	1	0	1	0	1	1	1	1	0	0	1	0
cell32	1	0	1	1	1	0	1	1	1	0	0	1	0	0	1	0
cell33	1	0	1	1	0	0	0	0	0	0	0	0	0	0	0	0
cell34	1	0	1	1	1	0	1	0	1	1	1	0	0	0	1	0
cell35	1	1	1	1	0	1	0	0	0	0	0	0	0	0	0	1
cell36	1	1	1	1	1	0	0	0	0	0	0	0	0	0	0	1
cell37	1	0	1	1	0	0	0	0	0	0	0	0	0	0	0	0
cell38	0	0	0	0	0	0	0	0	0	1	0	0	0	0	0	0
cell39	1	0	0	1	1	0	1	0	1	1	1	1	0	0	1	0
cell40	1	0	1	1	0	0	0	0	1	0	0	0	0	0	0	1
cell41	1	1	1	0	0	1	0	0	0	0	0	0	0	0	0	1
cell42	1	0	1	1	1	0	1	0	1	0	1	0	0	0	0	0
cell43	1	1	0	1	1	0	1	1	1	0	0	1	1	0	0	0
cell44	1	1	0	1	0	0	0	0	0	0	0	0	0	0	0	0
cell45	1	0	1	1	0	0	1	0	1	0	1	1	0	0	1	0
cell46	0	1	0	1	1	0	1	0	1	0	1	1	0	0	1	0
cell47	1	0	1	1	1	0	1	0	1	1	1	1	0	0	1	0
cell48	1	0	1	1	0	1	0	0	0	0	0	0	0	0	0	1
cell49	0	0	1	1	1	0	1	0	1	1	1	1	0	0	1	0
cell50	0	0	1	1	0	0	0	0	0	0	0	0	0	0	0	0
cell51	1	0	0	1	0	0	0	0	0	0	0	0	0	1	0	0
cell52	1	0	0	1	0	0	1	0	1	1	1	1	0	0	0	0
cell53	0	0	0	1	0	1	0	0	0	0	0	0	0	0	0	1
cell54	1	0	1	1	1	0	1	0	0	1	0	1	0	0	0	0
cell55	1	1	1	0	0	0	0	0	0	0	0	0	0	0	0	1
cell56	1	0	1	1	1	0	1	0	1	1	1	1	0	0	1	0
cell57	0	0	0	0	1	0	1	0	1	1	0	1	0	0	1	0
cell58	1	0	1	0	1	0	1	1	1	0	0	1	1	0	1	0
cell59	0	0	1	1	0	0	0	0	0	0	0	0	0	0	0	0
cell60	1	1	1	1	0	1	0	0	0	0	0	0	0	0	0	1
cell61	1	0	1	1	0	0	0	0	0	0	0	0	0	0	0	0
cell62	1	0	1	0	0	0	1	0	0	1	1	0	0	0	0	0
cell63	1	0	1	1	1	0	1	1	1	0	0	1	1	0	1	0
cell64	1	0	0	1	1	0	1	1	1	0	0	0	1	0	1	0
cell65	1	0	1	1	1	0	1	0	1	0	0	1	0	0	0	0
cell66	1	0	1	1	0	0	0	0	0	0	0	0	0	0	0	0
cell67	1	0	1	1	1	0	1	1	1	0	0	1	1	0	1	0
cell68	1	1	0	1	0	1	0	0	0	0	0	0	0	0	0	1
cell69	1	0	1	1	0	1	0	0	0	0	0	0	0	0	0	1
cell70	1	1	1	1	0	1	0	0	0	0	0	0	0	0	0	1
cell71	1	0	1	1	0	0	0	0	0	0	0	0	0	1	0	0
cell72	0	0	1	1	1	0	1	0	1	0	1	1	0	0	1	0
cell73	1	1	1	1	0	0	0	0	0	0	0	0	0	0	0	1
cell74	1	0	1	1	1	0	1	0	1	1	0	1	0	0	1	0
cell75	1	1	1	1	0	0	0	0	0	0	0	0	0	0	0	1
cell76	1	0	1	1	1	0	0	0	1	1	0	1	0	0	1	0
cell77	1	0	1	1	1	0	1	1	1	0	0	1	1	0	1	0
cell78	1	1	1	0	0	1	0	0	0	0	0	0	0	0	0	1
cell79	1	1	1	1	0	1	0	0	0	0	0	0	0	0	0	1
cell80	1	0	1	1	1	0	0	0	1	0	0	1	1	0	1	0
cell81	0	0	1	1	1	0	1	0	1	1	1	0	0	0	1	0
cell82	1	0	1	1	1	0	1	0	1	0	0	1	1	0	1	0
cell83	1	0	1	1	0	0	0	0	0	0	0	0	0	0	0	0
cell84	1	1	1	1	0	1	0	0	0	0	0	0	0	0	0	1
cell85	1	1	1	1	0	1	0	0	0	0	0	0	0	0	0	1
cell86	1	0	1	1	0	0	0	0	0	0	0	0	0	0	0	0
cell87	0	0	1	0	0	0	0	0	0	0	0	0	0	0	0	0
cell88	1	0	0	1	1	0	1	0	1	1	1	0	0	0	1	0
cell89	1	0	1	1	1	0	1	0	1	1	0	1	0	0	0	0
cell90	1	1	1	1	0	0	0	0	0	0	0	0	0	0	0	1
cell91	1	1	1	1	0	1	0	0	0	0	0	0	0	0	0	1
cell92	1	0	1	1	0	0	0	0	0	0	0	0	0	0	0	0
cell93	0	0	1	1	1	0	1	1	1	0	0	1	1	0	1	0
cell94	1	1	1	1	0	0	0	0	0	0	0	0	0	0	0	1
cell95	1	0	1	1	1	0	1	0	1	1	1	1	0	0	1	0
cell96	0	0	1	1	0	0	0	0	0	0	0	0	0	1	0	0
cell97	1	0	1	1	0	0	0	0	0	0	0	0	0	0	0	0
cell98	1	0	1	1	1	0	1	1	1	0	0	0	0	0	1	0
cell99	0	0	1	1	1	0	0	1	1	0	0	1	1	0	1	0
cell100	1	1	0	1	1	1	1	0	0	1	0	1	0	0	1	1
cell101	1	0	0	0	0	0	0	0	0	0	0	0	0	0	0	1
cell102	0	0	0	1	1	0	1	1	1	0	0	1	0	0	0	1
cell103	0	0	1	1	0	0	0	1	1	0	0	1	1	0	1	0
cell104	1	0	1	1	0	0	0	0	0	0	0	0	0	0	0	0
cell105	1	1	1	1	1	1	1	1	1	1	0	1	1	1	1	1
cell106	1	0	0	1	1	0	0	1	0	0	0	0	1	0	1	0
cell107	1	1	1	1	0	1	1	0	0	0	0	0	0	0	0	1
cell108	1	0	0	1	1	0	1	0	1	1	0	1	0	0	0	0
cell109	1	0	1	0	1	0	1	0	1	1	1	1	0	0	1	0
cell110	1	0	1	1	0	0	0	0	0	0	0	0	0	0	0	0
cell111	1	0	1	1	0	0	0	0	0	0	0	0	0	1	0	0
cell112	0	0	1	1	0	0	0	0	0	0	0	0	0	1	0	0
cell113	1	0	1	1	0	0	0	0	0	0	0	0	0	1	0	0
cell114	0	0	1	1	0	1	0	0	0	0	0	0	0	0	0	1
