cellid	PDE4DIP	NTRK1	SESN2	ARHGAP5	DNAJC17	USP32	ANAPC1	RETSAT	ST13	DLEC1	FRG1	DMXL1	FAM115C	MLL3	ABCB5	ASNS	PABPC1	TOP1MT
cell1	2	2	1	2	1	2	2	2	0	2	0	1	2	2	1	0	0	2
cell2	2	1	1	0	1	2	0	2	0	1	0	2	2	0	2	0	0	1
cell3	2	2	1	2	2	2	2	2	1	2	0	2	2	0	1	2	1	2
cell4	2	1	1	2	1	2	1	0	1	1	0	1	2	0	0	0	2	2
cell5	2	2	1	2	0	2	0	2	2	2	0	2	2	1	1	0	0	2
cell6	0	1	2	2	2	2	2	2	0	2	0	2	0	2	2	0	2	0
cell7	2	0	1	1	2	2	2	0	0	2	0	2	2	2	2	0	0	2
cell8	2	1	2	0	2	0	1	2	1	0	2	2	2	0	2	2	2	2
cell9	2	1	1	1	2	0	1	0	2	1	2	1	2	2	0	0	0	2
cell10	2	2	2	1	2	0	0	2	2	1	2	2	2	0	0	0	0	2
cell11	2	2	2	2	2	2	1	0	1	1	0	0	2	2	2	1	0	2
cell12	2	1	2	2	2	2	1	0	2	2	2	0	0	0	2	1	2	2
cell13	2	2	0	2	1	2	0	2	2	2	2	1	2	0	1	0	2	2
cell14	2	2	1	2	1	2	2	2	2	2	1	2	2	0	2	0	0	2
cell15	1	1	0	2	1	0	1	0	1	1	0	1	2	1	1	2	0	2
cell16	2	2	1	0	2	2	2	2	0	2	2	2	2	0	2	0	0	0
cell17	2	2	2	2	2	2	0	0	1	2	2	1	2	1	2	1	2	1
cell18	2	1	1	1	2	2	2	2	1	1	2	2	2	1	1	1	0	1
cell19	0	2	1	2	2	2	2	0	2	2	0	1	2	0	2	1	0	1
cell20	2	2	2	2	2	2	0	2	0	2	0	2	2	2	2	2	2	2
cell21	0	0	0	0	1	2	0	0	0	2	0	0	2	0	2	0	1	2
cell22	2	0	1	2	1	1	0	2	1	2	2	2	1	0	2	1	0	1
cell23	1	2	0	0	2	0	0	0	2	1	0	2	0	0	1	0	2	2
cell24	0	2	1	0	1	1	1	0	1	1	1	2	0	2	2	2	0	1
cell25	2	1	1	2	1	0	2	2	2	1	0	2	2	2	2	0	0	2
cell26	2	2	1	1	1	0	0	1	2	2	0	1	2	0	2	2	0	1
cell27	1	2	2	2	2	1	1	1	2	2	0	1	2	2	1	0	0	2
cell28	2	1	0	0	2	0	0	0	0	2	0	2	2	1	2	1	0	1
cell29	2	1	0	2	1	1	1	1	1	2	0	1	2	1	2	2	0	2
cell30	2	0	0	2	0	0	2	0	2	1	2	2	2	1	2	0	0	1
cell31	1	2	1	0	1	1	0	2	1	2	0	1	1	2	1	2	2	1
cell32	1	1	2	2	2	0	0	0	2	2	0	2	0	0	2	0	0	2
cell33	2	2	2	0	1	0	2	0	1	1	0	1	2	1	1	1	0	0
cell34	0	1	1	2	2	0	2	1	1	2	1	0	2	0	1	2	2	2
cell35	2	2	0	2	1	2	0	0	1	2	1	0	2	2	2	2	0	2
cell36	2	2	1	0	1	1	0	0	1	1	0	1	2	0	1	0	0	2
cell37	2	0	2	2	1	0	1	1	1	2	2	2	2	2	0	2	0	2
cell38	0	2	2	0	2	2	1	0	2	2	2	0	2	0	2	0	0	2
cell39	0	1	2	1	1	0	2	0	0	2	0	1	2	0	0	0	0	1
cell40	2	1	1	0	1	2	0	0	1	2	0	2	2	2	2	0	2	2
cell41	0	2	0	0	2	2	2	2	2	2	0	2	2	0	2	2	2	1
cell42	1	0	1	0	1	2	0	0	0	1	0	2	0	0	1	0	0	2
cell43	0	0	1	2	0	2	0	1	2	1	0	2	2	2	0	0	2	1
cell44	0	1	1	0	1	2	2	1	0	0	0	1	1	2	2	1	0	2
cell45	2	1	2	0	0	0	2	2	1	1	0	2	2	0	1	0	2	2
cell46	2	2	2	0	2	2	0	2	0	2	0	2	2	2	1	0	0	2
cell47	0	0	1	1	1	2	2	1	1	2	0	2	2	0	0	1	0	1
cell48	0	1	1	1	1	0	1	0	0	2	1	2	2	0	2	0	1	1
cell49	1	2	1	2	2	1	0	0	1	2	1	0	2	0	1	0	0	2
cell50	2	0	1	0	1	2	2	2	1	2	0	2	0	0	2	0	0	2
cell51	0	2	1	0	2	0	0	0	1	2	2	2	2	2	2	0	2	2
cell52	2	2	0	2	0	1	0	0	0	2	1	0	1	0	1	0	0	2
cell53	0	2	1	1	0	1	1	2	1	1	2	1	2	0	1	1	2	2
cell54	2	0	0	2	2	1	2	2	1	2	0	2	2	0	2	0	2	1
cell55	2	2	1	0	2	2	2	1	1	0	2	1	2	2	2	0	0	1
cell56	2	0	1	1	1	0	2	1	0	1	0	2	2	1	2	2	1	2
cell57	1	0	1	0	2	0	0	0	2	2	0	0	2	2	2	2	2	0
cell58	1	1	1	1	1	0	2	0	1	2	0	1	2	2	0	1	0	2
