cellID/mutID	PIK2CA	DNM2	TRIM58	DCAF8L1	FBN2	FCHSD2	CASP2	ITGAD	PPP2RE	LSG1	ROPN1B	BTLA	DUSP12	11-Mar	TCP11	PITRM1	PRDM9	PAMK2	CABP2	MUTHY	GPR64	TRIB2	SEC11A	ZEHX4	H1ENT	KIAA1529	CXXX1	CNDP1	C15orf22	DKEZ	PLXNA2	TECTA	FUBP2	c1orf222	CALD1	WDR16	RABGAP1L	FGFR2	ZNE218	GLCE
cell0	1	1	1	1	1	1	1	1	1	1	1	1	1	1	1	1	0	0	1	0	0	0	0	0	0	0	0	1	0	0	0	1	0	1	0	0	0	0	0	0
cell1	1	1	1	1	1	1	1	1	1	1	1	1	1	1	1	1	1	0	1	0	0	0	0	0	0	0	0	0	0	0	0	0	0	0	0	0	0	0	0	0
cell2	1	1	1	1	1	1	1	1	1	1	1	1	1	1	1	1	1	1	1	0	0	0	0	0	0	0	0	0	0	0	0	0	0	0	0	0	0	0	0	0
cell3	1	1	1	1	1	1	1	1	1	1	1	1	1	1	1	1	1	0	0	0	0	0	0	0	0	0	0	0	0	0	0	0	0	0	0	2	0	0	0	0
cell4	1	1	1	1	1	1	1	1	1	1	1	1	1	1	1	1	1	0	0	0	0	0	0	0	0	0	0	0	0	0	0	0	0	0	0	0	0	0	0	0
cell5	1	1	1	1	1	1	1	1	1	1	1	1	1	1	1	1	1	1	1	0	0	0	0	0	0	0	0	0	0	0	0	0	0	0	0	0	0	0	0	0
cell6	1	1	1	1	1	1	1	1	1	1	1	1	1	1	1	1	1	1	1	0	0	1	0	0	0	0	0	0	0	0	0	0	0	0	0	0	0	0	0	0
cell7	1	1	1	1	1	1	1	1	1	1	1	1	1	0	1	1	1	0	1	0	0	0	0	0	0	0	0	0	0	0	0	0	0	0	0	0	0	0	0	0
cell8	1	1	1	1	1	1	1	1	1	1	0	1	1	0	1	1	0	0	0	1	0	0	0	0	0	0	0	0	0	0	0	0	0	0	0	1	0	0	0	1
cell9	1	1	1	1	1	1	1	1	1	0	1	1	1	1	1	1	1	0	1	0	0	0	0	0	0	0	0	0	0	0	0	0	0	0	0	0	0	0	0	0
cell10	1	1	1	1	1	1	1	1	1	0	1	1	1	1	1	1	1	1	1	0	0	0	0	0	0	0	0	0	0	0	0	0	0	0	0	0	0	0	0	0
cell11	1	1	1	1	1	1	1	1	1	1	1	1	1	1	0	1	1	1	1	0	0	0	0	0	0	0	0	0	0	0	0	0	0	0	0	0	0	0	0	0
cell12	1	1	1	1	1	1	1	0	1	1	1	1	0	0	1	1	1	1	0	0	0	0	0	0	0	0	0	0	0	0	0	0	0	0	0	0	0	0	0	0
cell13	1	1	1	1	1	1	1	0	1	1	1	1	0	1	1	1	1	0	1	0	0	0	0	0	0	0	0	0	0	0	0	0	0	0	0	0	0	0	0	0
cell14	1	1	1	1	1	0	1	1	1	1	1	1	1	1	1	1	0	1	0	0	0	0	0	0	1	2	0	2	0	0	0	0	0	0	0	0	0	0	0	0
cell15	1	1	1	1	1	1	1	1	0	1	0	1	1	1	1	1	0	0	0	1	1	0	1	0	0	0	0	0	0	0	0	0	0	0	0	0	0	0	0	0
cell16	1	1	1	1	1	1	1	1	1	0	1	1	1	0	0	1	1	1	0	0	0	1	0	0	0	0	0	0	0	0	0	0	0	0	0	0	0	0	0	0
cell17	1	1	1	1	1	1	1	2	1	0	1	1	1	1	1	0	1	0	1	0	0	1	0	0	0	0	0	0	0	0	0	0	0	0	0	0	0	0	0	0
cell18	1	1	1	1	1	1	1	0	1	1	1	1	1	1	0	0	1	0	1	0	0	0	0	0	0	0	0	0	0	0	0	0	0	0	0	0	0	0	0	0
cell19	1	1	1	1	1	1	1	1	1	1	1	1	0	0	1	1	0	0	0	0	0	0	0	0	0	0	0	0	0	0	0	0	0	0	0	0	0	0	0	0
cell20	1	1	1	1	1	1	1	0	0	1	0	1	1	1	1	2	0	0	0	1	0	0	1	0	0	2	0	0	0	0	0	0	1	0	0	0	1	0	0	0
cell21	1	1	1	1	1	1	0	1	1	1	1	1	1	0	1	0	1	0	0	0	0	0	0	0	0	0	0	0	0	0	0	0	0	0	0	0	0	0	0	0
cell22	1	1	1	1	0	1	1	1	1	1	0	1	1	1	1	1	0	1	0	1	1	0	1	0	0	0	0	0	0	0	0	0	0	0	1	0	0	0	0	0
cell23	1	1	1	1	1	1	1	1	1	1	1	2	1	0	1	0	1	0	0	0	0	0	0	1	0	0	0	0	0	1	0	0	0	0	0	0	0	0	0	0
cell24	1	1	1	1	1	1	1	1	1	1	1	0	1	1	2	1	1	0	1	0	0	0	0	0	0	0	0	0	0	0	0	0	0	0	0	0	0	0	0	0
cell25	1	1	1	1	1	1	1	0	1	0	1	1	1	1	2	1	0	0	0	0	0	0	0	0	0	0	0	0	0	0	0	0	0	1	0	0	0	0	1	0
cell26	1	1	1	1	1	1	1	1	0	0	0	1	1	1	1	1	0	1	0	0	0	0	0	1	0	0	0	0	0	0	0	0	0	0	0	0	0	0	0	0
cell27	1	1	1	1	1	1	1	1	1	2	1	1	0	1	1	0	1	0	0	0	0	0	0	0	0	2	0	0	0	0	0	0	0	0	0	1	0	0	0	0
cell28	1	0	1	1	1	1	0	0	1	1	1	1	1	1	1	0	1	0	0	0	0	0	0	0	0	2	0	0	0	0	0	0	0	0	1	0	0	0	0	1
cell29	1	1	1	0	1	1	1	1	1	1	1	1	0	0	1	0	1	1	0	0	0	0	0	0	0	0	1	1	0	0	0	0	1	0	0	0	0	0	0	0
cell30	1	1	1	1	1	1	0	1	1	0	1	1	1	1	0	1	1	1	0	0	0	0	0	0	1	0	0	0	0	0	0	0	0	0	0	0	0	0	0	0
cell31	1	0	1	1	1	1	1	1	1	1	0	1	1	1	1	0	2	0	0	1	0	0	0	0	0	1	0	0	0	0	1	0	0	0	0	0	0	1	0	0
cell32	1	1	1	1	1	1	0	1	1	1	0	0	1	0	0	0	1	0	0	0	0	0	0	0	0	0	2	0	0	1	0	0	0	0	0	0	0	0	0	0
cell33	1	1	1	0	1	0	1	1	1	1	0	1	1	1	2	1	0	1	0	0	2	0	0	0	0	0	0	0	0	0	0	0	0	0	0	0	0	0	0	0
cell34	1	1	1	1	1	0	1	1	0	1	1	1	1	0	1	2	0	0	0	1	1	0	1	0	0	1	1	0	1	0	0	1	0	0	0	0	0	0	0	0
cell35	1	1	1	1	1	1	0	1	1	1	1	1	1	1	0	0	0	0	1	0	0	1	0	0	0	0	0	0	0	0	0	0	0	0	0	0	0	0	0	0
cell36	1	1	1	1	1	0	1	1	1	0	1	0	0	0	1	2	0	0	0	0	1	0	0	1	2	0	0	0	0	0	1	0	2	0	0	0	0	0	0	0
cell37	1	1	1	1	1	1	1	1	0	1	1	0	0	1	1	0	1	0	1	0	0	0	0	0	0	0	0	0	0	0	0	0	0	0	0	0	0	0	0	0
cell38	1	1	1	0	1	1	0	1	0	1	0	0	0	0	1	1	0	1	0	1	0	0	0	0	0	2	0	0	0	0	0	0	0	0	0	0	0	1	0	0
cell39	1	1	1	1	1	1	1	0	0	0	1	0	0	1	1	0	0	0	0	1	1	0	0	0	0	0	0	0	0	0	0	0	0	0	0	0	1	0	1	0
cell40	1	1	1	1	0	1	1	1	1	0	1	0	0	1	0	1	0	0	0	0	0	0	0	0	0	0	0	0	0	0	0	0	0	0	0	0	0	0	0	0
cell41	1	1	1	1	0	1	1	1	0	1	0	0	0	0	0	0	0	1	0	0	0	0	0	0	0	0	0	0	0	0	0	0	0	0	0	0	0	0	0	0
cell42	1	1	1	1	1	0	1	0	0	1	1	0	0	1	0	0	1	0	1	0	0	0	0	0	2	0	0	0	1	0	0	0	0	0	0	0	0	0	0	0
cell43	1	1	0	1	0	1	0	1	0	1	0	0	1	1	1	0	0	0	0	0	0	0	0	0	0	0	0	0	0	0	0	0	0	0	0	0	0	0	0	0
cell44	1	1	0	1	0	1	0	1	0	1	0	1	0	0	0	0	0	1	0	0	0	0	0	0	0	0	2	0	0	0	0	0	0	0	0	0	0	0	0	0
cell45	0	1	1	1	0	0	0	0	1	2	1	1	1	0	2	1	0	1	0	0	0	0	0	0	0	0	0	0	0	0	0	0	0	0	2	0	0	0	0	0
cell46	1	1	0	0	1	0	0	1	1	1	1	0	1	1	1	0	0	0	0	0	0	0	0	0	0	0	0	0	0	0	0	0	0	0	0	0	0	0	0	0
