cellID/mutID	IER3	GLCE	ZNE318	FGFA2	RABGAP1D	WDRS16	CALD1	c1orf223	FUBP3	TECTA	PLXNA2	DKEZ	C15orf23	CNDP1	CXXC1	KIAA1539	H1ENT	ZEHX4	SEC11A	TRIB2	GPR64	MUTYH	CABP2	PANK3	PRDM9	PITRM1	TCP11	MARCH11	DUSP12	BTLA	AOPN1B	LSG1	PPP2RE	ITGAD	CASP3	FCHSD2	FBN2	DCAF8L1	TRIM58	DNM3	PIK3CA
cell0	0	0	0	0	0	0	0	1	0	1	0	0	0	1	0	0	0	0	0	0	0	0	1	0	0	1	1	1	1	1	1	1	1	1	1	1	1	1	1	1	1
cell1	0	0	0	0	0	0	0	0	0	0	0	0	0	0	0	0	0	0	0	0	0	0	1	0	1	1	1	1	1	1	1	1	1	1	1	1	1	1	1	1	1
cell2	0	0	0	0	0	0	0	0	0	0	0	0	0	0	0	0	0	0	0	0	0	0	1	1	1	1	1	1	1	1	1	1	1	1	1	1	1	1	1	1	1
cell3	0	0	0	0	0	2	0	0	0	0	0	0	0	0	0	0	0	0	0	0	0	0	0	0	1	1	1	1	1	1	1	1	1	1	1	1	1	1	1	1	1
cell4	0	0	0	0	0	0	0	0	0	0	0	0	0	0	0	0	0	0	0	0	0	0	0	0	1	1	1	1	1	1	1	1	1	1	1	1	1	1	1	1	1
cell5	0	0	0	0	0	0	0	0	0	0	0	0	0	0	0	0	0	0	0	0	0	0	1	1	1	1	1	1	1	1	1	1	1	1	1	1	1	1	1	1	1
cell6	0	0	0	0	0	0	0	0	0	0	0	0	0	0	0	0	0	0	0	1	0	0	1	1	1	1	1	1	1	1	1	1	1	1	1	1	1	1	1	1	1
cell7	0	0	0	0	0	0	0	0	0	0	0	0	0	0	0	0	0	0	0	0	0	0	1	0	1	1	1	0	1	1	1	1	1	1	1	1	1	1	1	1	1
cell8	0	1	0	0	0	1	0	0	0	0	0	0	0	0	0	0	0	0	0	0	0	1	0	0	0	1	1	0	1	1	0	1	1	1	1	1	1	1	1	1	1
cell9	0	0	0	0	0	0	0	0	0	0	0	0	0	0	0	0	0	0	0	0	0	0	1	0	1	1	1	1	1	1	1	0	1	1	1	1	1	1	1	1	1
cell10	0	0	0	0	0	0	0	0	0	0	0	0	0	0	0	0	0	0	0	0	0	0	1	1	1	1	1	1	1	1	1	0	1	1	1	1	1	1	1	1	1
cell11	0	0	0	0	0	0	0	0	0	0	0	0	0	0	0	0	0	0	0	0	0	0	1	1	1	1	0	1	1	1	1	1	1	1	1	1	1	1	1	1	1
cell12	0	0	0	0	0	0	0	0	0	0	0	0	0	0	0	0	0	0	0	0	0	0	0	1	1	1	1	0	0	1	1	1	1	0	1	1	1	1	1	1	1
cell13	0	0	0	0	0	0	0	0	0	0	0	0	0	0	0	0	0	0	0	0	0	0	1	0	1	1	1	1	0	1	1	1	1	0	1	1	1	1	1	1	1
cell14	0	0	0	0	0	0	0	0	0	0	0	0	0	2	0	2	1	0	0	0	0	0	0	1	0	1	1	1	1	1	1	1	1	1	1	0	1	1	1	1	1
cell15	0	0	0	0	0	0	0	0	0	0	0	0	0	0	0	0	0	0	1	0	1	1	0	0	0	1	1	1	1	1	0	1	1	1	1	1	1	1	1	1	1
cell16	0	0	0	0	0	0	0	0	0	0	0	0	0	0	0	0	0	0	0	1	0	0	0	1	1	1	0	0	1	1	1	0	0	1	1	1	1	1	1	1	1
cell17	0	0	0	0	0	0	0	0	0	0	0	0	0	0	0	0	0	0	0	1	0	0	1	0	1	0	1	1	1	1	1	0	1	2	1	1	1	1	1	1	1
cell18	0	0	0	0	0	0	0	0	0	0	0	0	0	0	0	0	0	0	0	0	0	0	1	0	1	0	0	1	1	1	1	1	1	0	1	1	1	1	1	1	1
cell19	0	0	0	0	0	0	0	0	0	0	0	0	0	0	0	0	0	0	0	0	0	0	0	0	0	1	1	0	0	1	1	1	1	1	1	1	1	1	1	1	1
cell20	0	0	0	0	1	0	0	0	1	0	0	0	0	0	0	2	0	0	1	0	0	1	0	0	0	2	1	1	1	1	0	1	0	0	1	1	1	1	1	1	1
cell21	0	0	0	0	0	0	0	0	0	0	0	0	0	0	0	0	0	0	0	0	0	0	0	0	1	0	1	0	1	1	1	1	1	1	0	1	1	1	1	1	1
cell22	0	0	0	0	0	0	1	0	0	0	0	0	0	0	0	0	0	0	1	0	1	1	0	1	0	1	1	1	1	1	0	1	1	1	1	1	0	1	1	1	1
cell23	0	0	0	0	0	0	0	0	0	0	0	1	0	0	0	0	0	1	0	0	0	0	0	0	1	0	1	0	1	2	1	1	1	1	1	1	1	1	1	1	1
cell24	0	0	0	0	0	0	0	0	0	0	0	0	0	0	0	0	0	0	0	0	0	0	1	0	1	1	2	1	1	0	1	1	1	1	1	1	1	1	1	1	1
cell25	0	0	1	0	0	0	0	1	0	0	0	0	0	0	0	0	0	0	0	0	0	0	0	0	0	1	2	1	1	1	1	0	1	0	1	1	1	1	1	1	1
cell26	0	0	0	0	0	0	0	0	0	0	0	0	0	0	0	0	0	1	0	0	0	0	0	1	0	1	1	1	1	1	0	0	0	1	1	1	1	1	1	1	1
cell27	0	0	0	0	0	1	0	0	0	0	0	0	0	0	0	2	0	0	0	0	0	0	0	0	1	0	1	1	0	1	1	2	1	1	1	1	1	1	1	1	1
cell28	0	1	0	0	0	0	1	0	0	0	0	0	0	0	0	2	0	0	0	0	0	0	0	0	1	0	1	1	1	1	1	1	1	0	0	1	1	1	1	0	1
cell29	0	0	0	0	0	0	0	0	1	0	0	0	0	1	1	0	0	0	0	0	0	0	0	1	1	0	1	0	0	1	1	1	1	1	1	1	1	0	1	1	1
cell30	0	0	0	0	0	0	0	0	0	0	0	0	0	0	0	0	1	0	0	0	0	0	0	1	1	1	0	1	1	1	1	0	1	1	0	1	1	1	1	1	1
cell31	0	0	0	1	0	0	0	0	0	0	1	0	0	0	0	1	0	0	0	0	0	1	0	0	2	0	1	1	1	1	0	1	1	1	1	1	1	1	1	0	1
cell32	0	0	0	0	0	0	0	0	0	0	0	1	0	0	2	0	0	0	0	0	0	0	0	0	1	0	0	0	1	0	0	1	1	1	0	1	1	1	1	1	1
cell33	0	0	0	0	0	0	0	0	0	0	0	0	0	0	0	0	0	0	0	0	2	0	0	1	0	1	2	1	1	1	0	1	1	1	1	0	1	0	1	1	1
cell34	0	0	0	0	0	0	0	0	0	1	0	0	1	0	1	1	0	0	1	0	1	1	0	0	0	2	1	0	1	1	1	1	0	1	1	0	1	1	1	1	1
cell35	0	0	0	0	0	0	0	0	0	0	0	0	0	0	0	0	0	0	0	1	0	0	1	0	0	0	0	1	1	1	1	1	1	1	0	1	1	1	1	1	1
cell36	0	0	0	0	0	0	0	0	2	0	1	0	0	0	0	0	2	1	0	0	1	0	0	0	0	2	1	0	0	0	1	0	1	1	1	0	1	1	1	1	1
cell37	0	0	0	0	0	0	0	0	0	0	0	0	0	0	0	0	0	0	0	0	0	0	0	0	1	0	1	1	0	0	1	1	0	1	1	1	1	1	1	1	1
cell38	0	0	0	1	0	0	0	0	0	0	0	0	0	0	0	2	0	0	0	0	0	1	1	1	0	1	1	0	0	0	0	1	0	1	0	1	1	0	1	1	1
cell39	0	0	1	0	1	0	0	0	0	0	0	0	0	0	0	0	0	0	0	0	1	1	0	0	0	0	1	1	0	0	1	0	0	0	1	1	1	1	1	1	1
cell40	0	0	0	0	0	0	0	0	0	0	0	0	0	0	0	0	0	0	0	0	0	0	0	0	0	1	0	1	0	0	1	0	1	1	1	1	0	1	1	1	1
cell41	0	0	0	0	0	0	0	0	0	0	0	0	0	0	0	0	0	0	0	0	0	0	0	1	0	0	0	0	0	0	0	1	0	1	1	1	0	1	1	1	1
cell42	0	0	0	0	0	0	0	0	0	0	0	0	1	0	0	0	2	0	0	0	0	0	1	0	1	0	0	1	0	0	1	1	0	0	1	0	1	1	1	1	1
cell43	2	0	0	0	0	0	0	0	0	0	0	0	0	0	0	0	0	0	0	0	0	0	0	0	0	0	1	1	1	0	0	1	0	1	0	1	0	1	0	1	1
cell44	0	0	0	0	0	0	0	0	0	0	0	0	0	0	2	0	0	0	0	0	0	0	0	1	0	0	0	0	0	1	0	1	0	1	0	1	0	1	0	1	1
cell45	0	0	0	0	0	0	2	0	0	0	0	0	0	0	0	0	0	0	0	0	0	0	0	1	0	1	2	0	1	1	1	2	1	0	0	0	0	1	1	1	0
cell46	0	0	0	0	0	0	0	0	0	0	0	0	0	0	0	0	0	0	0	0	0	0	0	0	0	0	1	1	1	0	1	1	1	1	0	0	1	0	0	1	1
