cellID/mutID	PTPRF	SLC11A2	C1orf107	THRAP1	SH3GL1	KIF6	ADAMTS10	F2RL2	FGFR4	DEPDC2	CCKBR	C17orf27	FLJ38288	KIAA0226	SLC36A2	C8orf45	RPL8	ZNF462	PIP4K2A	FCRLM1	MCCC2	PTPRT	ZNF71	XPNPEP1	CUZD1	SCYL2	FLJ10379	KIAA1718	GPR158	LRRK2	NOS1	EPHB4	CDON	COL5A3	ZBTB2
cell0	1	1	1	1	1	1	2	1	1	1	1	1	1	2	1	1	1	1	1	2	1	0	1	1	1	2	1	1	1	2	1	1	1	1	1
cell1	1	1	1	1	1	1	1	0	1	1	2	2	1	1	1	1	1	1	1	1	1	0	1	1	1	1	0	1	1	1	0	1	1	1	0
cell2	1	1	1	2	1	1	1	1	0	2	1	0	1	1	1	2	0	1	1	2	2	0	2	2	2	2	1	0	2	1	2	0	1	1	2
cell3	1	1	1	1	1	1	1	1	1	1	1	1	1	1	1	1	1	1	2	2	1	0	1	2	1	1	0	2	2	2	1	1	1	0	2
cell4	1	1	1	0	1	1	1	1	1	1	1	1	0	0	1	1	1	2	2	1	1	0	2	0	1	1	1	1	0	1	2	1	1	1	1
cell5	1	1	1	1	1	1	1	1	1	1	1	1	1	1	1	1	1	2	1	1	1	0	1	1	1	2	1	1	1	1	2	1	1	1	1
cell6	1	1	1	1	1	1	1	1	1	1	1	1	1	1	1	1	1	1	1	1	1	0	1	1	1	1	1	1	1	0	1	1	1	1	1
cell7	1	1	1	1	1	1	1	1	1	1	1	2	1	1	1	1	1	1	1	1	1	1	1	1	2	1	2	2	1	1	2	0	2	1	1
cell8	0	1	0	1	0	0	2	2	1	2	1	1	1	1	0	1	2	1	1	2	2	0	0	1	2	2	2	0	2	2	1	0	2	1	0
cell9	1	1	1	1	1	1	1	1	1	1	0	2	2	1	2	1	0	0	2	1	2	1	0	1	1	2	1	0	1	2	1	1	0	1	1
cell10	1	1	1	1	1	1	0	1	1	0	2	2	2	2	2	2	1	2	1	1	1	0	1	2	2	2	2	2	2	2	2	0	2	1	2
cell11	1	0	1	1	1	1	2	0	2	2	1	1	0	2	0	2	1	1	0	2	2	0	1	2	2	1	1	1	2	2	0	0	2	1	1
cell12	1	2	2	1	1	2	1	1	2	1	1	1	1	1	1	2	1	1	0	1	2	0	2	0	1	0	1	0	2	1	2	0	2	1	1
cell13	1	1	1	1	1	1	1	2	1	1	2	1	1	1	1	1	2	2	2	0	0	0	2	2	2	1	0	1	2	2	0	0	0	0	1
cell14	1	2	1	1	2	1	1	1	2	1	2	1	2	1	1	1	1	1	1	1	1	0	1	1	1	1	1	1	1	1	1	1	2	1	1
cell15	1	1	1	0	1	1	1	1	1	1	1	1	1	2	0	1	1	1	1	1	1	1	0	1	2	2	0	2	2	0	1	0	2	2	1
cell16	1	1	2	1	0	2	1	1	1	1	1	1	1	1	1	0	0	1	1	1	1	1	1	2	0	1	2	1	1	1	1	0	2	1	2
