cell/mut	ATRNL1	BDNF-AS	BRD7P3	CMTM8	FAM105A	FGD4	INHA	LINC00052	PCDH7	PLEC	RIMS2	RRP8	SIGLEC10	TRRAP	XPO7	ZC3H3
cell1	0	0	1	0	0	0	0	0	0	1	1	0	1	0	1	1
cell2	0	1	0	1	1	1	1	0	1	1	1	1	1	0	0	0
cell3	0	0	0	0	0	0	0	0	0	1	1	0	1	0	0	0
cell4	0	1	0	1	1	1	1	0	1	1	1	1	1	0	0	0
cell5	0	0	1	0	0	0	0	0	0	1	1	0	1	0	1	1
cell6	1	1	0	0	1	1	0	0	1	1	1	1	1	1	0	0
cell7	1	1	0	0	1	1	0	0	1	1	1	1	1	1	0	0
cell8	0	0	0	0	0	0	0	0	0	1	1	0	1	0	0	0
cell9	1	1	0	0	1	1	0	0	1	1	1	1	1	1	0	0
cell10	1	1	0	0	1	1	0	0	1	1	1	1	1	1	0	0
cell11	0	0	1	0	0	0	0	0	0	1	1	0	1	0	1	1
cell12	0	1	0	1	1	1	1	0	1	1	1	1	1	0	0	0
cell13	0	1	0	1	1	1	1	0	1	1	1	1	1	0	0	0
cell14	0	1	0	1	1	1	1	0	1	1	1	1	1	0	0	0
cell15	0	0	0	0	0	0	0	0	0	1	1	0	1	0	0	0
cell16	0	0	0	0	0	0	0	1	0	1	1	0	1	0	0	0
cell17	0	0	0	0	0	0	0	1	0	1	1	0	1	0	0	0
cell18	0	0	0	0	0	0	0	1	0	1	1	0	1	0	0	0
cell19	0	0	1	0	0	0	0	0	0	1	1	0	1	0	1	1
cell20	0	0	1	0	0	0	0	0	0	1	1	0	1	0	1	1
cell21	0	0	0	0	0	0	0	1	0	1	1	0	1	0	0	0
cell22	0	1	0	1	1	1	1	0	1	1	1	1	1	0	0	0
cell23	0	1	0	1	1	1	1	0	1	1	1	1	1	0	0	0
cell24	0	0	1	0	0	0	0	0	0	1	1	0	1	0	1	1
cell25	0	1	0	1	1	1	1	0	1	1	1	1	1	0	0	0
cell26	1	1	0	0	1	1	0	0	1	1	1	1	1	1	0	0
cell27	0	0	0	0	0	0	0	0	0	1	1	0	1	0	0	0
cell28	1	1	0	0	1	1	0	0	1	1	1	1	1	1	0	0
cell29	0	0	0	0	0	0	0	0	0	1	1	0	1	0	0	0
cell30	0	0	1	0	0	0	0	0	0	1	1	0	1	0	1	1
cell31	0	0	1	0	0	0	0	0	0	1	1	0	1	0	1	1
cell32	0	0	0	0	0	0	0	0	0	1	1	0	1	0	0	0
cell33	0	1	0	1	1	1	1	0	1	1	1	1	1	0	0	0
cell34	0	0	1	0	0	0	0	0	0	1	1	0	1	0	1	1
cell35	0	0	0	0	0	0	0	0	0	1	1	0	1	0	0	0
cell36	0	0	1	0	0	0	0	0	0	1	1	0	1	0	1	1
cell37	1	1	0	0	1	1	0	0	1	1	1	1	1	1	0	0
cell38	0	0	1	0	0	0	0	0	0	1	1	0	1	0	1	1
cell39	0	0	1	0	0	0	0	0	0	1	1	0	1	0	1	1
cell40	0	0	1	0	0	0	0	0	0	1	1	0	1	0	1	1
cell41	0	1	0	1	1	1	1	0	1	1	1	1	1	0	0	0
cell42	1	1	0	0	1	1	0	0	1	1	1	1	1	1	0	0
cell43	0	0	0	0	0	0	0	0	0	1	1	0	1	0	0	0
cell44	0	1	0	1	1	1	1	0	1	1	1	1	1	0	0	0
cell45	0	0	1	0	0	0	0	0	0	1	1	0	1	0	1	1
cell46	0	0	1	0	0	0	0	0	0	1	1	0	1	0	1	1
cell47	0	0	0	0	0	0	0	0	0	1	1	0	1	0	0	0
cell48	0	0	0	0	0	0	0	0	0	1	1	0	1	0	0	0
cell49	0	1	0	1	1	1	1	0	1	1	1	1	1	0	0	0
cell50	0	0	1	0	0	0	0	0	0	1	1	0	1	0	1	1
cell51	0	0	1	0	0	0	0	0	0	1	1	0	1	0	1	1
cell52	0	0	1	0	0	0	0	0	0	1	1	0	1	0	1	1
cell53	0	1	0	1	1	1	1	0	1	1	1	1	1	0	0	0
cell54	1	1	0	0	1	1	0	0	1	1	1	1	1	1	0	0
cell55	0	0	1	0	0	0	0	0	0	1	1	0	1	0	1	1
cell56	0	1	0	1	1	1	1	0	1	1	1	1	1	0	0	0
cell57	0	1	0	1	1	1	1	0	1	1	1	1	1	0	0	0
cell58	0	1	0	1	1	1	1	0	1	1	1	1	1	0	0	0
cell59	0	0	1	0	0	0	0	0	0	1	1	0	1	0	1	1
cell60	0	1	0	1	1	1	1	0	1	1	1	1	1	0	0	0
cell61	0	1	0	1	1	1	1	0	1	1	1	1	1	0	0	0
cell62	0	0	0	0	0	0	0	0	0	1	1	0	1	0	0	0
cell63	0	0	0	0	0	0	0	1	0	1	1	0	1	0	0	0
cell64	0	1	0	1	1	1	1	0	1	1	1	1	1	0	0	0
cell65	0	0	1	0	0	0	0	0	0	1	1	0	1	0	1	1
cell66	0	1	0	1	1	1	1	0	1	1	1	1	1	0	0	0
cell67	0	0	1	0	0	0	0	0	0	1	1	0	1	0	1	1
cell68	0	1	0	1	1	1	1	0	1	1	1	1	1	0	0	0
cell69	0	1	0	1	1	1	1	0	1	1	1	1	1	0	0	0
cell70	1	1	0	0	1	1	0	0	1	1	1	1	1	1	0	0
cell71	0	0	0	0	0	0	0	0	0	1	1	0	1	0	0	0
cell72	1	1	0	0	1	1	0	0	1	1	1	1	1	1	0	0
cell73	0	0	1	0	0	0	0	0	0	1	1	0	1	0	1	1
cell74	0	0	0	0	0	0	0	0	0	1	1	0	1	0	0	0
cell75	0	1	0	1	1	1	1	0	1	1	1	1	1	0	0	0
cell76	1	1	0	0	1	1	0	0	1	1	1	1	1	1	0	0
cell77	1	1	0	0	1	1	0	0	1	1	1	1	1	1	0	0
cell78	0	1	0	1	1	1	1	0	1	1	1	1	1	0	0	0
cell79	0	0	0	0	0	0	0	0	0	1	1	0	1	0	0	0
cell80	1	1	0	0	1	1	0	0	1	1	1	1	1	1	0	0
cell81	0	0	1	0	0	0	0	0	0	1	1	0	1	0	1	1
cell82	0	0	1	0	0	0	0	0	0	1	1	0	1	0	1	1
cell83	1	1	0	0	1	1	0	0	1	1	1	1	1	1	0	0
cell84	0	0	1	0	0	0	0	0	0	1	1	0	1	0	1	1
cell85	0	0	0	0	0	0	0	1	0	1	1	0	1	0	0	0
cell86	0	1	0	1	1	1	1	0	1	1	1	1	1	0	0	0
cell87	0	0	1	0	0	0	0	0	0	1	1	0	1	0	1	1
cell88	0	1	0	1	1	1	1	0	1	1	1	1	1	0	0	0
cell89	0	0	1	0	0	0	0	0	0	1	1	0	1	0	1	1
cell90	0	1	0	1	1	1	1	0	1	1	1	1	1	0	0	0
cell91	1	1	0	0	1	1	0	0	1	1	1	1	1	1	0	0
cell92	0	0	1	0	0	0	0	0	0	1	1	0	1	0	1	1
cell93	0	0	1	0	0	0	0	0	0	1	1	0	1	0	1	1
cell94	0	0	1	0	0	0	0	0	0	1	1	0	1	0	1	1
cell95	1	1	0	0	1	1	0	0	1	1	1	1	1	1	0	0
cell96	0	1	0	1	1	1	1	0	1	1	1	1	1	0	0	0
cell97	1	1	0	0	1	1	0	0	1	1	1	1	1	1	0	0
cell98	0	0	0	0	0	0	0	0	0	1	1	0	1	0	0	0
cell99	0	0	1	0	0	0	0	0	0	1	1	0	1	0	1	1
cell100	0	0	1	0	0	0	0	0	0	1	1	0	1	0	1	1
cell101	0	0	0	0	0	0	0	0	0	1	1	0	1	0	0	0
cell102	0	0	0	0	0	0	0	0	0	1	1	0	1	0	0	0
cell103	0	1	0	1	1	1	1	0	1	1	1	1	1	0	0	0
cell104	0	1	0	1	1	1	1	0	1	1	1	1	1	0	0	0
cell105	0	0	0	0	0	0	0	1	0	1	1	0	1	0	0	0
cell106	0	0	1	0	0	0	0	0	0	1	1	0	1	0	1	1
cell107	0	0	1	0	0	0	0	0	0	1	1	0	1	0	1	1
cell108	0	0	0	0	0	0	0	0	0	1	1	0	1	0	0	0
cell109	1	1	0	0	1	1	0	0	1	1	1	1	1	1	0	0
cell110	0	0	1	0	0	0	0	0	0	1	1	0	1	0	1	1
cell111	0	1	0	1	1	1	1	0	1	1	1	1	1	0	0	0
cell112	0	0	0	0	0	0	0	1	0	1	1	0	1	0	0	0
cell113	0	0	0	0	0	0	0	0	0	1	1	0	1	0	0	0
cell114	1	1	0	0	1	1	0	0	1	1	1	1	1	1	0	0
cell115	1	1	0	0	1	1	0	0	1	1	1	1	1	1	0	0