cell/mut	ACOT12	ADAMTS13	ARHGAP24	ARNT2	ATP9A	CDH7	CELF4	CENPC1	CKAP2	COL6A2	CUL3	DHX38	DMD	DNAH7	DST	FMNL1	GPR107	HDAC9	ICAM5	IQSEC3	LDB2	LRFN5	LRRC48	LYAR	MAGED1	MED12	MYH2	MZF1	NLRP3	NRXN1	PARVG	PKD2L1	PKHD1L1	PMVK	PNLIP	POLR2A	PRPF39	PRSS12_1	PRSS12_2	RANBP2	RGS3	RPLP0P2	SDS	TTN	ZIC1	ZNF781	ZNF880_1	ZNF880_2	ZNF880_3
cell1	1	1	1	1	1	0	0	1	1	1	1	1	0	0	1	1	1	1	0	1	0	1	1	1	0	0	0	0	1	1	1	1	1	1	1	0	1	1	1	1	1	0	1	1	0	1	1	1	1
cell2	1	1	0	1	1	1	1	1	0	1	1	0	0	0	1	0	1	1	0	1	0	1	0	0	0	1	1	0	0	1	0	1	1	1	0	1	1	1	1	0	1	1	1	1	0	1	0	0	0
cell3	1	1	0	1	1	0	0	1	0	1	1	0	0	0	1	0	1	1	0	1	0	1	0	0	0	0	0	0	0	1	0	1	1	1	0	0	1	1	1	0	1	0	1	1	0	1	0	0	0
cell4	1	1	1	1	1	0	0	1	1	1	1	1	0	0	1	1	1	1	0	1	0	1	1	1	0	0	0	0	1	1	1	1	1	1	1	0	1	1	1	1	1	0	1	1	0	1	1	1	1
cell5	1	1	0	1	1	0	0	1	0	1	1	0	0	0	1	0	1	1	0	1	0	1	0	0	0	0	0	0	0	1	0	1	1	1	0	0	1	1	1	0	1	0	1	1	0	1	0	0	0
cell6	1	1	0	1	1	0	0	1	0	1	1	0	0	0	1	0	1	1	0	1	0	1	0	0	0	0	0	0	0	1	0	1	1	1	0	0	1	1	1	0	1	0	1	1	0	1	0	0	0
cell7	0	0	0	0	1	0	0	0	0	0	0	0	1	1	0	0	0	1	1	1	1	0	0	0	1	0	0	1	0	1	0	0	0	1	0	0	0	0	0	0	1	0	1	1	1	0	0	0	0
cell8	1	1	1	1	1	0	0	1	1	1	1	1	0	0	1	1	1	1	0	1	0	1	1	1	0	0	0	0	1	1	1	1	1	1	1	0	1	1	1	1	1	0	1	1	0	1	1	1	1
cell9	0	0	0	0	1	0	0	0	0	0	0	0	1	1	0	0	0	1	1	1	1	0	0	0	1	0	0	1	0	1	0	0	0	1	0	0	0	0	0	0	1	0	1	1	1	0	0	0	0
cell10	0	0	0	0	1	0	0	0	0	0	0	0	1	1	0	0	0	1	1	1	1	0	0	0	1	0	0	1	0	1	0	0	0	1	0	0	0	0	0	0	1	0	1	1	1	0	0	0	0
cell11	1	1	0	1	1	1	1	1	0	1	1	0	0	0	1	0	1	1	0	1	0	1	0	0	0	1	1	0	0	1	0	1	1	1	0	1	1	1	1	0	1	1	1	1	0	1	0	0	0
cell12	1	1	1	1	1	0	0	1	1	1	1	1	0	0	1	1	1	1	0	1	0	1	1	1	0	0	0	0	1	1	1	1	1	1	1	0	1	1	1	1	1	0	1	1	0	1	1	1	1
cell13	1	1	0	1	1	1	1	1	0	1	1	0	0	0	1	0	1	1	0	1	0	1	0	0	0	1	1	0	0	1	0	1	1	1	0	1	1	1	1	0	1	1	1	1	0	1	0	0	0
cell14	1	1	0	1	1	1	1	1	0	1	1	0	0	0	1	0	1	1	0	1	0	1	0	0	0	1	1	0	0	1	0	1	1	1	0	1	1	1	1	0	1	1	1	1	0	1	0	0	0
cell15	0	0	0	0	1	0	0	0	0	0	0	0	1	1	0	0	0	1	1	1	1	0	0	0	1	0	0	1	0	1	0	0	0	1	0	0	0	0	0	0	1	0	1	1	1	0	0	0	0
cell16	0	0	0	0	1	0	0	0	0	0	0	0	1	1	0	0	0	1	1	1	1	0	0	0	1	0	0	1	0	1	0	0	0	1	0	0	0	0	0	0	1	0	1	1	1	0	0	0	0
cell17	1	1	0	1	1	1	1	1	0	1	1	0	0	0	1	0	1	1	0	1	0	1	0	0	0	1	1	0	0	1	0	1	1	1	0	1	1	1	1	0	1	1	1	1	0	1	0	0	0
cell18	1	1	0	1	1	0	0	1	0	1	1	0	0	0	1	0	1	1	0	1	0	1	0	0	0	0	0	0	0	1	0	1	1	1	0	0	1	1	1	0	1	0	1	1	0	1	0	0	0
cell19	1	1	0	1	1	0	0	1	0	1	1	0	0	0	1	0	1	1	0	1	0	1	0	0	0	0	0	0	0	1	0	1	1	1	0	0	1	1	1	0	1	0	1	1	0	1	0	0	0
cell20	1	1	0	1	1	1	1	1	0	1	1	0	0	0	1	0	1	1	0	1	0	1	0	0	0	1	1	0	0	1	0	1	1	1	0	1	1	1	1	0	1	1	1	1	0	1	0	0	0
cell21	0	0	0	0	1	0	0	0	0	0	0	0	1	1	0	0	0	1	1	1	1	0	0	0	1	0	0	1	0	1	0	0	0	1	0	0	0	0	0	0	1	0	1	1	1	0	0	0	0
cell22	1	1	0	1	1	1	1	1	0	1	1	0	0	0	1	0	1	1	0	1	0	1	0	0	0	1	1	0	0	1	0	1	1	1	0	1	1	1	1	0	1	1	1	1	0	1	0	0	0
cell23	1	1	0	1	1	1	1	1	0	1	1	0	0	0	1	0	1	1	0	1	0	1	0	0	0	1	1	0	0	1	0	1	1	1	0	1	1	1	1	0	1	1	1	1	0	1	0	0	0
cell24	1	1	0	1	1	1	1	1	0	1	1	0	0	0	1	0	1	1	0	1	0	1	0	0	0	1	1	0	0	1	0	1	1	1	0	1	1	1	1	0	1	1	1	1	0	1	0	0	0
cell25	1	1	0	1	1	1	1	1	0	1	1	0	0	0	1	0	1	1	0	1	0	1	0	0	0	1	1	0	0	1	0	1	1	1	0	1	1	1	1	0	1	1	1	1	0	1	0	0	0
cell26	0	0	0	0	1	0	0	0	0	0	0	0	1	1	0	0	0	1	1	1	1	0	0	0	1	0	0	1	0	1	0	0	0	1	0	0	0	0	0	0	1	0	1	1	1	0	0	0	0
cell27	1	1	1	1	1	0	0	1	1	1	1	1	0	0	1	1	1	1	0	1	0	1	1	1	0	0	0	0	1	1	1	1	1	1	1	0	1	1	1	1	1	0	1	1	0	1	1	1	1
cell28	0	0	0	0	1	0	0	0	0	0	0	0	1	1	0	0	0	1	1	1	1	0	0	0	1	0	0	1	0	1	0	0	0	1	0	0	0	0	0	0	1	0	1	1	1	0	0	0	0
cell29	1	1	0	1	1	1	1	1	0	1	1	0	0	0	1	0	1	1	0	1	0	1	0	0	0	1	1	0	0	1	0	1	1	1	0	1	1	1	1	0	1	1	1	1	0	1	0	0	0
cell30	1	1	1	1	1	0	0	1	1	1	1	1	0	0	1	1	1	1	0	1	0	1	1	1	0	0	0	0	1	1	1	1	1	1	1	0	1	1	1	1	1	0	1	1	0	1	1	1	1
cell31	1	1	1	1	1	0	0	1	1	1	1	1	0	0	1	1	1	1	0	1	0	1	1	1	0	0	0	0	1	1	1	1	1	1	1	0	1	1	1	1	1	0	1	1	0	1	1	1	1
cell32	0	0	0	0	1	0	0	0	0	0	0	0	1	1	0	0	0	1	1	1	1	0	0	0	1	0	0	1	0	1	0	0	0	1	0	0	0	0	0	0	1	0	1	1	1	0	0	0	0
cell33	1	1	0	1	1	1	1	1	0	1	1	0	0	0	1	0	1	1	0	1	0	1	0	0	0	1	1	0	0	1	0	1	1	1	0	1	1	1	1	0	1	1	1	1	0	1	0	0	0
cell34	0	0	0	0	1	0	0	0	0	0	0	0	1	1	0	0	0	1	1	1	1	0	0	0	1	0	0	1	0	1	0	0	0	1	0	0	0	0	0	0	1	0	1	1	1	0	0	0	0
cell35	1	1	0	1	1	1	1	1	0	1	1	0	0	0	1	0	1	1	0	1	0	1	0	0	0	1	1	0	0	1	0	1	1	1	0	1	1	1	1	0	1	1	1	1	0	1	0	0	0
cell36	1	1	0	1	1	1	1	1	0	1	1	0	0	0	1	0	1	1	0	1	0	1	0	0	0	1	1	0	0	1	0	1	1	1	0	1	1	1	1	0	1	1	1	1	0	1	0	0	0
cell37	1	1	1	1	1	0	0	1	1	1	1	1	0	0	1	1	1	1	0	1	0	1	1	1	0	0	0	0	1	1	1	1	1	1	1	0	1	1	1	1	1	0	1	1	0	1	1	1	1
cell38	1	1	1	1	1	0	0	1	1	1	1	1	0	0	1	1	1	1	0	1	0	1	1	1	0	0	0	0	1	1	1	1	1	1	1	0	1	1	1	1	1	0	1	1	0	1	1	1	1
cell39	1	1	0	1	1	0	0	1	0	1	1	0	0	0	1	0	1	1	0	1	0	1	0	0	0	0	0	0	0	1	0	1	1	1	0	0	1	1	1	0	1	0	1	1	0	1	0	0	0
cell40	0	0	0	0	1	0	0	0	0	0	0	0	1	1	0	0	0	1	1	1	1	0	0	0	1	0	0	1	0	1	0	0	0	1	0	0	0	0	0	0	1	0	1	1	1	0	0	0	0
cell41	1	1	0	1	1	1	1	1	0	1	1	0	0	0	1	0	1	1	0	1	0	1	0	0	0	1	1	0	0	1	0	1	1	1	0	1	1	1	1	0	1	1	1	1	0	1	0	0	0
cell42	0	0	0	0	1	0	0	0	0	0	0	0	1	1	0	0	0	1	1	1	1	0	0	0	1	0	0	1	0	1	0	0	0	1	0	0	0	0	0	0	1	0	1	1	1	0	0	0	0
cell43	0	0	0	0	1	0	0	0	0	0	0	0	1	1	0	0	0	1	1	1	1	0	0	0	1	0	0	1	0	1	0	0	0	1	0	0	0	0	0	0	1	0	1	1	1	0	0	0	0
cell44	0	0	0	0	1	0	0	0	0	0	0	0	1	1	0	0	0	1	1	1	1	0	0	0	1	0	0	1	0	1	0	0	0	1	0	0	0	0	0	0	1	0	1	1	1	0	0	0	0
cell45	1	1	0	1	1	1	1	1	0	1	1	0	0	0	1	0	1	1	0	1	0	1	0	0	0	1	1	0	0	1	0	1	1	1	0	1	1	1	1	0	1	1	1	1	0	1	0	0	0
cell46	1	1	1	1	1	0	0	1	1	1	1	1	0	0	1	1	1	1	0	1	0	1	1	1	0	0	0	0	1	1	1	1	1	1	1	0	1	1	1	1	1	0	1	1	0	1	1	1	1
cell47	0	0	0	0	1	0	0	0	0	0	0	0	1	1	0	0	0	1	1	1	1	0	0	0	1	0	0	1	0	1	0	0	0	1	0	0	0	0	0	0	1	0	1	1	1	0	0	0	0
cell48	1	1	0	1	1	1	1	1	0	1	1	0	0	0	1	0	1	1	0	1	0	1	0	0	0	1	1	0	0	1	0	1	1	1	0	1	1	1	1	0	1	1	1	1	0	1	0	0	0
cell49	1	1	1	1	1	0	0	1	1	1	1	1	0	0	1	1	1	1	0	1	0	1	1	1	0	0	0	0	1	1	1	1	1	1	1	0	1	1	1	1	1	0	1	1	0	1	1	1	1
cell50	1	1	1	1	1	0	0	1	1	1	1	1	0	0	1	1	1	1	0	1	0	1	1	1	0	0	0	0	1	1	1	1	1	1	1	0	1	1	1	1	1	0	1	1	0	1	1	1	1
cell51	1	1	0	1	1	1	1	1	0	1	1	0	0	0	1	0	1	1	0	1	0	1	0	0	0	1	1	0	0	1	0	1	1	1	0	1	1	1	1	0	1	1	1	1	0	1	0	0	0
cell52	1	1	0	1	1	0	0	1	0	1	1	0	0	0	1	0	1	1	0	1	0	1	0	0	0	0	0	0	0	1	0	1	1	1	0	0	1	1	1	0	1	0	1	1	0	1	0	0	0
cell53	1	1	0	1	1	1	1	1	0	1	1	0	0	0	1	0	1	1	0	1	0	1	0	0	0	1	1	0	0	1	0	1	1	1	0	1	1	1	1	0	1	1	1	1	0	1	0	0	0
cell54	1	1	0	1	1	0	0	1	0	1	1	0	0	0	1	0	1	1	0	1	0	1	0	0	0	0	0	0	0	1	0	1	1	1	0	0	1	1	1	0	1	0	1	1	0	1	0	0	0
cell55	1	1	0	1	1	1	1	1	0	1	1	0	0	0	1	0	1	1	0	1	0	1	0	0	0	1	1	0	0	1	0	1	1	1	0	1	1	1	1	0	1	1	1	1	0	1	0	0	0
cell56	0	0	0	0	1	0	0	0	0	0	0	0	1	1	0	0	0	1	1	1	1	0	0	0	1	0	0	1	0	1	0	0	0	1	0	0	0	0	0	0	1	0	1	1	1	0	0	0	0
cell57	1	1	0	1	1	1	1	1	0	1	1	0	0	0	1	0	1	1	0	1	0	1	0	0	0	1	1	0	0	1	0	1	1	1	0	1	1	1	1	0	1	1	1	1	0	1	0	0	0
cell58	0	0	0	0	1	0	0	0	0	0	0	0	1	1	0	0	0	1	1	1	1	0	0	0	1	0	0	1	0	1	0	0	0	1	0	0	0	0	0	0	1	0	1	1	1	0	0	0	0
cell59	1	1	0	1	1	1	1	1	0	1	1	0	0	0	1	0	1	1	0	1	0	1	0	0	0	1	1	0	0	1	0	1	1	1	0	1	1	1	1	0	1	1	1	1	0	1	0	0	0
cell60	1	1	0	1	1	1	1	1	0	1	1	0	0	0	1	0	1	1	0	1	0	1	0	0	0	1	1	0	0	1	0	1	1	1	0	1	1	1	1	0	1	1	1	1	0	1	0	0	0
cell61	1	1	1	1	1	0	0	1	1	1	1	1	0	0	1	1	1	1	0	1	0	1	1	1	0	0	0	0	1	1	1	1	1	1	1	0	1	1	1	1	1	0	1	1	0	1	1	1	1
cell62	0	0	0	0	1	0	0	0	0	0	0	0	1	1	0	0	0	1	1	1	1	0	0	0	1	0	0	1	0	1	0	0	0	1	0	0	0	0	0	0	1	0	1	1	1	0	0	0	0
cell63	1	1	1	1	1	0	0	1	1	1	1	1	0	0	1	1	1	1	0	1	0	1	1	1	0	0	0	0	1	1	1	1	1	1	1	0	1	1	1	1	1	0	1	1	0	1	1	1	1
cell64	1	1	0	1	1	0	0	1	0	1	1	0	0	0	1	0	1	1	0	1	0	1	0	0	0	0	0	0	0	1	0	1	1	1	0	0	1	1	1	0	1	0	1	1	0	1	0	0	0
cell65	1	1	0	1	1	0	0	1	0	1	1	0	0	0	1	0	1	1	0	1	0	1	0	0	0	0	0	0	0	1	0	1	1	1	0	0	1	1	1	0	1	0	1	1	0	1	0	0	0
cell66	0	0	0	0	1	0	0	0	0	0	0	0	1	1	0	0	0	1	1	1	1	0	0	0	1	0	0	1	0	1	0	0	0	1	0	0	0	0	0	0	1	0	1	1	1	0	0	0	0
cell67	0	0	0	0	1	0	0	0	0	0	0	0	1	1	0	0	0	1	1	1	1	0	0	0	1	0	0	1	0	1	0	0	0	1	0	0	0	0	0	0	1	0	1	1	1	0	0	0	0
cell68	1	1	0	1	1	1	1	1	0	1	1	0	0	0	1	0	1	1	0	1	0	1	0	0	0	1	1	0	0	1	0	1	1	1	0	1	1	1	1	0	1	1	1	1	0	1	0	0	0
cell69	1	1	0	1	1	1	1	1	0	1	1	0	0	0	1	0	1	1	0	1	0	1	0	0	0	1	1	0	0	1	0	1	1	1	0	1	1	1	1	0	1	1	1	1	0	1	0	0	0
cell70	1	1	0	1	1	1	1	1	0	1	1	0	0	0	1	0	1	1	0	1	0	1	0	0	0	1	1	0	0	1	0	1	1	1	0	1	1	1	1	0	1	1	1	1	0	1	0	0	0
cell71	1	1	1	1	1	0	0	1	1	1	1	1	0	0	1	1	1	1	0	1	0	1	1	1	0	0	0	0	1	1	1	1	1	1	1	0	1	1	1	1	1	0	1	1	0	1	1	1	1
cell72	1	1	0	1	1	1	1	1	0	1	1	0	0	0	1	0	1	1	0	1	0	1	0	0	0	1	1	0	0	1	0	1	1	1	0	1	1	1	1	0	1	1	1	1	0	1	0	0	0
cell73	1	1	0	1	1	1	1	1	0	1	1	0	0	0	1	0	1	1	0	1	0	1	0	0	0	1	1	0	0	1	0	1	1	1	0	1	1	1	1	0	1	1	1	1	0	1	0	0	0
cell74	1	1	0	1	1	1	1	1	0	1	1	0	0	0	1	0	1	1	0	1	0	1	0	0	0	1	1	0	0	1	0	1	1	1	0	1	1	1	1	0	1	1	1	1	0	1	0	0	0
cell75	1	1	1	1	1	0	0	1	1	1	1	1	0	0	1	1	1	1	0	1	0	1	1	1	0	0	0	0	1	1	1	1	1	1	1	0	1	1	1	1	1	0	1	1	0	1	1	1	1
cell76	1	1	0	1	1	0	0	1	0	1	1	0	0	0	1	0	1	1	0	1	0	1	0	0	0	0	0	0	0	1	0	1	1	1	0	0	1	1	1	0	1	0	1	1	0	1	0	0	0
cell77	1	1	0	1	1	1	1	1	0	1	1	0	0	0	1	0	1	1	0	1	0	1	0	0	0	1	1	0	0	1	0	1	1	1	0	1	1	1	1	0	1	1	1	1	0	1	0	0	0
cell78	1	1	0	1	1	0	0	1	0	1	1	0	0	0	1	0	1	1	0	1	0	1	0	0	0	0	0	0	0	1	0	1	1	1	0	0	1	1	1	0	1	0	1	1	0	1	0	0	0
cell79	1	1	0	1	1	0	0	1	0	1	1	0	0	0	1	0	1	1	0	1	0	1	0	0	0	0	0	0	0	1	0	1	1	1	0	0	1	1	1	0	1	0	1	1	0	1	0	0	0
cell80	1	1	1	1	1	0	0	1	1	1	1	1	0	0	1	1	1	1	0	1	0	1	1	1	0	0	0	0	1	1	1	1	1	1	1	0	1	1	1	1	1	0	1	1	0	1	1	1	1
cell81	1	1	1	1	1	0	0	1	1	1	1	1	0	0	1	1	1	1	0	1	0	1	1	1	0	0	0	0	1	1	1	1	1	1	1	0	1	1	1	1	1	0	1	1	0	1	1	1	1
cell82	1	1	0	1	1	0	0	1	0	1	1	0	0	0	1	0	1	1	0	1	0	1	0	0	0	0	0	0	0	1	0	1	1	1	0	0	1	1	1	0	1	0	1	1	0	1	0	0	0
cell83	1	1	1	1	1	0	0	1	1	1	1	1	0	0	1	1	1	1	0	1	0	1	1	1	0	0	0	0	1	1	1	1	1	1	1	0	1	1	1	1	1	0	1	1	0	1	1	1	1
cell84	1	1	0	1	1	1	1	1	0	1	1	0	0	0	1	0	1	1	0	1	0	1	0	0	0	1	1	0	0	1	0	1	1	1	0	1	1	1	1	0	1	1	1	1	0	1	0	0	0
cell85	1	1	1	1	1	0	0	1	1	1	1	1	0	0	1	1	1	1	0	1	0	1	1	1	0	0	0	0	1	1	1	1	1	1	1	0	1	1	1	1	1	0	1	1	0	1	1	1	1
cell86	1	1	0	1	1	0	0	1	0	1	1	0	0	0	1	0	1	1	0	1	0	1	0	0	0	0	0	0	0	1	0	1	1	1	0	0	1	1	1	0	1	0	1	1	0	1	0	0	0
cell87	1	1	1	1	1	0	0	1	1	1	1	1	0	0	1	1	1	1	0	1	0	1	1	1	0	0	0	0	1	1	1	1	1	1	1	0	1	1	1	1	1	0	1	1	0	1	1	1	1
cell88	1	1	1	1	1	0	0	1	1	1	1	1	0	0	1	1	1	1	0	1	0	1	1	1	0	0	0	0	1	1	1	1	1	1	1	0	1	1	1	1	1	0	1	1	0	1	1	1	1
cell89	1	1	0	1	1	1	1	1	0	1	1	0	0	0	1	0	1	1	0	1	0	1	0	0	0	1	1	0	0	1	0	1	1	1	0	1	1	1	1	0	1	1	1	1	0	1	0	0	0
cell90	0	0	0	0	1	0	0	0	0	0	0	0	1	1	0	0	0	1	1	1	1	0	0	0	1	0	0	1	0	1	0	0	0	1	0	0	0	0	0	0	1	0	1	1	1	0	0	0	0
cell91	0	0	0	0	1	0	0	0	0	0	0	0	1	1	0	0	0	1	1	1	1	0	0	0	1	0	0	1	0	1	0	0	0	1	0	0	0	0	0	0	1	0	1	1	1	0	0	0	0
cell92	1	1	0	1	1	1	1	1	0	1	1	0	0	0	1	0	1	1	0	1	0	1	0	0	0	1	1	0	0	1	0	1	1	1	0	1	1	1	1	0	1	1	1	1	0	1	0	0	0
cell93	1	1	0	1	1	1	1	1	0	1	1	0	0	0	1	0	1	1	0	1	0	1	0	0	0	1	1	0	0	1	0	1	1	1	0	1	1	1	1	0	1	1	1	1	0	1	0	0	0
cell94	1	1	1	1	1	0	0	1	1	1	1	1	0	0	1	1	1	1	0	1	0	1	1	1	0	0	0	0	1	1	1	1	1	1	1	0	1	1	1	1	1	0	1	1	0	1	1	1	1
cell95	1	1	1	1	1	0	0	1	1	1	1	1	0	0	1	1	1	1	0	1	0	1	1	1	0	0	0	0	1	1	1	1	1	1	1	0	1	1	1	1	1	0	1	1	0	1	1	1	1
cell96	1	1	0	1	1	1	1	1	0	1	1	0	0	0	1	0	1	1	0	1	0	1	0	0	0	1	1	0	0	1	0	1	1	1	0	1	1	1	1	0	1	1	1	1	0	1	0	0	0
cell97	1	1	0	1	1	0	0	1	0	1	1	0	0	0	1	0	1	1	0	1	0	1	0	0	0	0	0	0	0	1	0	1	1	1	0	0	1	1	1	0	1	0	1	1	0	1	0	0	0
cell98	1	1	0	1	1	0	0	1	0	1	1	0	0	0	1	0	1	1	0	1	0	1	0	0	0	0	0	0	0	1	0	1	1	1	0	0	1	1	1	0	1	0	1	1	0	1	0	0	0
cell99	1	1	0	1	1	1	1	1	0	1	1	0	0	0	1	0	1	1	0	1	0	1	0	0	0	1	1	0	0	1	0	1	1	1	0	1	1	1	1	0	1	1	1	1	0	1	0	0	0
cell100	1	1	1	1	1	0	0	1	1	1	1	1	0	0	1	1	1	1	0	1	0	1	1	1	0	0	0	0	1	1	1	1	1	1	1	0	1	1	1	1	1	0	1	1	0	1	1	1	1
cell101	0	0	0	0	1	0	0	0	0	0	0	0	1	1	0	0	0	1	1	1	1	0	0	0	1	0	0	1	0	1	0	0	0	1	0	0	0	0	0	0	1	0	1	1	1	0	0	0	0
cell102	1	1	0	1	1	1	1	1	0	1	1	0	0	0	1	0	1	1	0	1	0	1	0	0	0	1	1	0	0	1	0	1	1	1	0	1	1	1	1	0	1	1	1	1	0	1	0	0	0
cell103	1	1	1	1	1	0	0	1	1	1	1	1	0	0	1	1	1	1	0	1	0	1	1	1	0	0	0	0	1	1	1	1	1	1	1	0	1	1	1	1	1	0	1	1	0	1	1	1	1
cell104	0	0	0	0	1	0	0	0	0	0	0	0	1	1	0	0	0	1	1	1	1	0	0	0	1	0	0	1	0	1	0	0	0	1	0	0	0	0	0	0	1	0	1	1	1	0	0	0	0
cell105	1	1	1	1	1	0	0	1	1	1	1	1	0	0	1	1	1	1	0	1	0	1	1	1	0	0	0	0	1	1	1	1	1	1	1	0	1	1	1	1	1	0	1	1	0	1	1	1	1
cell106	1	1	1	1	1	0	0	1	1	1	1	1	0	0	1	1	1	1	0	1	0	1	1	1	0	0	0	0	1	1	1	1	1	1	1	0	1	1	1	1	1	0	1	1	0	1	1	1	1
cell107	0	0	0	0	1	0	0	0	0	0	0	0	1	1	0	0	0	1	1	1	1	0	0	0	1	0	0	1	0	1	0	0	0	1	0	0	0	0	0	0	1	0	1	1	1	0	0	0	0
cell108	1	1	1	1	1	0	0	1	1	1	1	1	0	0	1	1	1	1	0	1	0	1	1	1	0	0	0	0	1	1	1	1	1	1	1	0	1	1	1	1	1	0	1	1	0	1	1	1	1
cell109	1	1	0	1	1	0	0	1	0	1	1	0	0	0	1	0	1	1	0	1	0	1	0	0	0	0	0	0	0	1	0	1	1	1	0	0	1	1	1	0	1	0	1	1	0	1	0	0	0
cell110	1	1	0	1	1	1	1	1	0	1	1	0	0	0	1	0	1	1	0	1	0	1	0	0	0	1	1	0	0	1	0	1	1	1	0	1	1	1	1	0	1	1	1	1	0	1	0	0	0
cell111	1	1	0	1	1	1	1	1	0	1	1	0	0	0	1	0	1	1	0	1	0	1	0	0	0	1	1	0	0	1	0	1	1	1	0	1	1	1	1	0	1	1	1	1	0	1	0	0	0
cell112	1	1	0	1	1	1	1	1	0	1	1	0	0	0	1	0	1	1	0	1	0	1	0	0	0	1	1	0	0	1	0	1	1	1	0	1	1	1	1	0	1	1	1	1	0	1	0	0	0
cell113	1	1	0	1	1	1	1	1	0	1	1	0	0	0	1	0	1	1	0	1	0	1	0	0	0	1	1	0	0	1	0	1	1	1	0	1	1	1	1	0	1	1	1	1	0	1	0	0	0
cell114	1	1	0	1	1	0	0	1	0	1	1	0	0	0	1	0	1	1	0	1	0	1	0	0	0	0	0	0	0	1	0	1	1	1	0	0	1	1	1	0	1	0	1	1	0	1	0	0	0
cell115	1	1	0	1	1	1	1	1	0	1	1	0	0	0	1	0	1	1	0	1	0	1	0	0	0	1	1	0	0	1	0	1	1	1	0	1	1	1	1	0	1	1	1	1	0	1	0	0	0
cell116	1	1	1	1	1	0	0	1	1	1	1	1	0	0	1	1	1	1	0	1	0	1	1	1	0	0	0	0	1	1	1	1	1	1	1	0	1	1	1	1	1	0	1	1	0	1	1	1	1
cell117	1	1	0	1	1	1	1	1	0	1	1	0	0	0	1	0	1	1	0	1	0	1	0	0	0	1	1	0	0	1	0	1	1	1	0	1	1	1	1	0	1	1	1	1	0	1	0	0	0
cell118	1	1	1	1	1	0	0	1	1	1	1	1	0	0	1	1	1	1	0	1	0	1	1	1	0	0	0	0	1	1	1	1	1	1	1	0	1	1	1	1	1	0	1	1	0	1	1	1	1
cell119	1	1	1	1	1	0	0	1	1	1	1	1	0	0	1	1	1	1	0	1	0	1	1	1	0	0	0	0	1	1	1	1	1	1	1	0	1	1	1	1	1	0	1	1	0	1	1	1	1
cell120	0	0	0	0	1	0	0	0	0	0	0	0	1	1	0	0	0	1	1	1	1	0	0	0	1	0	0	1	0	1	0	0	0	1	0	0	0	0	0	0	1	0	1	1	1	0	0	0	0
cell121	1	1	1	1	1	0	0	1	1	1	1	1	0	0	1	1	1	1	0	1	0	1	1	1	0	0	0	0	1	1	1	1	1	1	1	0	1	1	1	1	1	0	1	1	0	1	1	1	1
cell122	0	0	0	0	1	0	0	0	0	0	0	0	1	1	0	0	0	1	1	1	1	0	0	0	1	0	0	1	0	1	0	0	0	1	0	0	0	0	0	0	1	0	1	1	1	0	0	0	0
cell123	0	0	0	0	1	0	0	0	0	0	0	0	1	1	0	0	0	1	1	1	1	0	0	0	1	0	0	1	0	1	0	0	0	1	0	0	0	0	0	0	1	0	1	1	1	0	0	0	0
cell124	1	1	0	1	1	1	1	1	0	1	1	0	0	0	1	0	1	1	0	1	0	1	0	0	0	1	1	0	0	1	0	1	1	1	0	1	1	1	1	0	1	1	1	1	0	1	0	0	0
cell125	1	1	1	1	1	0	0	1	1	1	1	1	0	0	1	1	1	1	0	1	0	1	1	1	0	0	0	0	1	1	1	1	1	1	1	0	1	1	1	1	1	0	1	1	0	1	1	1	1
cell126	1	1	0	1	1	1	1	1	0	1	1	0	0	0	1	0	1	1	0	1	0	1	0	0	0	1	1	0	0	1	0	1	1	1	0	1	1	1	1	0	1	1	1	1	0	1	0	0	0
cell127	1	1	1	1	1	0	0	1	1	1	1	1	0	0	1	1	1	1	0	1	0	1	1	1	0	0	0	0	1	1	1	1	1	1	1	0	1	1	1	1	1	0	1	1	0	1	1	1	1
cell128	1	1	0	1	1	0	0	1	0	1	1	0	0	0	1	0	1	1	0	1	0	1	0	0	0	0	0	0	0	1	0	1	1	1	0	0	1	1	1	0	1	0	1	1	0	1	0	0	0
cell129	1	1	1	1	1	0	0	1	1	1	1	1	0	0	1	1	1	1	0	1	0	1	1	1	0	0	0	0	1	1	1	1	1	1	1	0	1	1	1	1	1	0	1	1	0	1	1	1	1
cell130	1	1	1	1	1	0	0	1	1	1	1	1	0	0	1	1	1	1	0	1	0	1	1	1	0	0	0	0	1	1	1	1	1	1	1	0	1	1	1	1	1	0	1	1	0	1	1	1	1
cell131	0	0	0	0	1	0	0	0	0	0	0	0	1	1	0	0	0	1	1	1	1	0	0	0	1	0	0	1	0	1	0	0	0	1	0	0	0	0	0	0	1	0	1	1	1	0	0	0	0
cell132	1	1	1	1	1	0	0	1	1	1	1	1	0	0	1	1	1	1	0	1	0	1	1	1	0	0	0	0	1	1	1	1	1	1	1	0	1	1	1	1	1	0	1	1	0	1	1	1	1
cell133	1	1	0	1	1	1	1	1	0	1	1	0	0	0	1	0	1	1	0	1	0	1	0	0	0	1	1	0	0	1	0	1	1	1	0	1	1	1	1	0	1	1	1	1	0	1	0	0	0
cell134	1	1	0	1	1	1	1	1	0	1	1	0	0	0	1	0	1	1	0	1	0	1	0	0	0	1	1	0	0	1	0	1	1	1	0	1	1	1	1	0	1	1	1	1	0	1	0	0	0
cell135	0	0	0	0	1	0	0	0	0	0	0	0	1	1	0	0	0	1	1	1	1	0	0	0	1	0	0	1	0	1	0	0	0	1	0	0	0	0	0	0	1	0	1	1	1	0	0	0	0
cell136	1	1	1	1	1	0	0	1	1	1	1	1	0	0	1	1	1	1	0	1	0	1	1	1	0	0	0	0	1	1	1	1	1	1	1	0	1	1	1	1	1	0	1	1	0	1	1	1	1
cell137	0	0	0	0	1	0	0	0	0	0	0	0	1	1	0	0	0	1	1	1	1	0	0	0	1	0	0	1	0	1	0	0	0	1	0	0	0	0	0	0	1	0	1	1	1	0	0	0	0
cell138	1	1	0	1	1	1	1	1	0	1	1	0	0	0	1	0	1	1	0	1	0	1	0	0	0	1	1	0	0	1	0	1	1	1	0	1	1	1	1	0	1	1	1	1	0	1	0	0	0
cell139	1	1	0	1	1	1	1	1	0	1	1	0	0	0	1	0	1	1	0	1	0	1	0	0	0	1	1	0	0	1	0	1	1	1	0	1	1	1	1	0	1	1	1	1	0	1	0	0	0
cell140	1	1	1	1	1	0	0	1	1	1	1	1	0	0	1	1	1	1	0	1	0	1	1	1	0	0	0	0	1	1	1	1	1	1	1	0	1	1	1	1	1	0	1	1	0	1	1	1	1
cell141	1	1	0	1	1	1	1	1	0	1	1	0	0	0	1	0	1	1	0	1	0	1	0	0	0	1	1	0	0	1	0	1	1	1	0	1	1	1	1	0	1	1	1	1	0	1	0	0	0
cell142	1	1	1	1	1	0	0	1	1	1	1	1	0	0	1	1	1	1	0	1	0	1	1	1	0	0	0	0	1	1	1	1	1	1	1	0	1	1	1	1	1	0	1	1	0	1	1	1	1
cell143	1	1	0	1	1	1	1	1	0	1	1	0	0	0	1	0	1	1	0	1	0	1	0	0	0	1	1	0	0	1	0	1	1	1	0	1	1	1	1	0	1	1	1	1	0	1	0	0	0
cell144	1	1	1	1	1	0	0	1	1	1	1	1	0	0	1	1	1	1	0	1	0	1	1	1	0	0	0	0	1	1	1	1	1	1	1	0	1	1	1	1	1	0	1	1	0	1	1	1	1
cell145	0	0	0	0	1	0	0	0	0	0	0	0	1	1	0	0	0	1	1	1	1	0	0	0	1	0	0	1	0	1	0	0	0	1	0	0	0	0	0	0	1	0	1	1	1	0	0	0	0
cell146	0	0	0	0	1	0	0	0	0	0	0	0	1	1	0	0	0	1	1	1	1	0	0	0	1	0	0	1	0	1	0	0	0	1	0	0	0	0	0	0	1	0	1	1	1	0	0	0	0
cell147	1	1	1	1	1	0	0	1	1	1	1	1	0	0	1	1	1	1	0	1	0	1	1	1	0	0	0	0	1	1	1	1	1	1	1	0	1	1	1	1	1	0	1	1	0	1	1	1	1
cell148	1	1	1	1	1	0	0	1	1	1	1	1	0	0	1	1	1	1	0	1	0	1	1	1	0	0	0	0	1	1	1	1	1	1	1	0	1	1	1	1	1	0	1	1	0	1	1	1	1
cell149	0	0	0	0	1	0	0	0	0	0	0	0	1	1	0	0	0	1	1	1	1	0	0	0	1	0	0	1	0	1	0	0	0	1	0	0	0	0	0	0	1	0	1	1	1	0	0	0	0
cell150	1	1	0	1	1	1	1	1	0	1	1	0	0	0	1	0	1	1	0	1	0	1	0	0	0	1	1	0	0	1	0	1	1	1	0	1	1	1	1	0	1	1	1	1	0	1	0	0	0
