cell/mut	BBS4	CAMSAP1	DOCK3	EPHA10	EYA4	HIPK4	HIST1H2AG	INTS8	MAL2	MYOM3	OAZ3	PPIG	PTPRQ	RGS11	RYR3	SERPINF2	SMOC1	TTN	TUFT1	ZNF540
cell1	1	1	1	0	0	0	1	0	1	1	1	1	1	1	1	0	0	1	0	0
cell2	1	1	1	1	1	0	1	0	1	0	0	0	0	1	1	0	1	0	1	0
cell3	0	0	0	0	0	1	0	1	1	1	1	1	1	0	1	1	0	1	0	1
cell4	0	0	0	0	0	1	0	1	1	1	1	1	1	0	1	1	0	1	0	1
cell5	0	0	0	0	0	1	0	1	1	1	1	1	1	0	1	1	0	1	0	1
cell6	1	1	1	1	1	0	1	0	1	0	0	0	0	1	1	0	1	0	1	0
cell7	0	0	0	0	0	1	0	1	1	1	1	1	1	0	1	1	0	1	0	1
cell8	1	1	1	1	1	0	1	0	1	0	0	0	0	1	1	0	1	0	1	0
cell9	0	0	0	0	0	1	0	1	1	1	1	1	1	0	1	1	0	1	0	1
cell10	0	0	0	0	0	1	0	1	1	1	1	1	1	0	1	1	0	1	0	1
cell11	1	1	1	1	1	0	1	0	1	0	0	0	0	1	1	0	1	0	1	0
cell12	1	1	1	0	0	0	1	0	1	1	1	1	1	1	1	0	0	1	0	0
cell13	1	1	1	1	1	0	1	0	1	0	0	0	0	1	1	0	1	0	1	0
cell14	0	0	0	0	0	1	0	1	1	1	1	1	1	0	1	1	0	1	0	1
cell15	0	0	0	0	0	1	0	1	1	1	1	1	1	0	1	1	0	1	0	1
cell16	1	1	1	1	1	0	1	0	1	0	0	0	0	1	1	0	1	0	1	0
cell17	0	0	0	0	0	1	0	1	1	1	1	1	1	0	1	1	0	1	0	1
cell18	0	0	0	0	0	1	0	1	1	1	1	1	1	0	1	1	0	1	0	1
cell19	1	1	1	1	1	0	1	0	1	0	0	0	0	1	1	0	1	0	1	0
cell20	1	1	1	1	1	0	1	0	1	0	0	0	0	1	1	0	1	0	1	0
cell21	0	0	0	0	0	1	0	1	1	1	1	1	1	0	1	1	0	1	0	1
cell22	0	0	0	0	0	1	0	1	1	1	1	1	1	0	1	1	0	1	0	1
cell23	1	1	1	1	1	0	1	0	1	0	0	0	0	1	1	0	1	0	1	0
cell24	1	1	1	1	1	0	1	0	1	0	0	0	0	1	1	0	1	0	1	0
cell25	0	0	0	0	0	1	0	1	1	1	1	1	1	0	1	1	0	1	0	1
cell26	0	0	0	0	0	1	0	1	1	1	1	1	1	0	1	1	0	1	0	1
cell27	0	0	0	0	0	1	0	1	1	1	1	1	1	0	1	1	0	1	0	1
cell28	0	0	0	0	0	1	0	1	1	1	1	1	1	0	1	1	0	1	0	1
cell29	0	0	0	0	0	1	0	1	1	1	1	1	1	0	1	1	0	1	0	1
cell30	1	1	1	1	1	0	1	0	1	0	0	0	0	1	1	0	1	0	1	0
cell31	0	0	0	0	0	1	0	1	1	1	1	1	1	0	1	1	0	1	0	1
cell32	1	1	1	1	1	0	1	0	1	0	0	0	0	1	1	0	1	0	1	0
cell33	0	0	0	0	0	1	0	1	1	1	1	1	1	0	1	1	0	1	0	1
cell34	1	1	1	1	1	0	1	0	1	0	0	0	0	1	1	0	1	0	1	0
cell35	0	0	0	0	0	1	0	1	1	1	1	1	1	0	1	1	0	1	0	1
cell36	1	1	1	1	1	0	1	0	1	0	0	0	0	1	1	0	1	0	1	0
cell37	0	0	0	0	0	1	0	1	1	1	1	1	1	0	1	1	0	1	0	1
cell38	0	0	0	0	0	1	0	1	1	1	1	1	1	0	1	1	0	1	0	1
cell39	1	1	1	1	1	0	1	0	1	0	0	0	0	1	1	0	1	0	1	0
cell40	1	1	1	1	1	0	1	0	1	0	0	0	0	1	1	0	1	0	1	0
cell41	1	1	1	1	1	0	1	0	1	0	0	0	0	1	1	0	1	0	1	0
cell42	1	1	1	0	0	0	1	0	1	1	1	1	1	1	1	0	0	1	0	0
cell43	0	0	0	0	0	1	0	1	1	1	1	1	1	0	1	1	0	1	0	1
cell44	0	0	0	0	0	1	0	1	1	1	1	1	1	0	1	1	0	1	0	1
cell45	1	1	1	1	1	0	1	0	1	0	0	0	0	1	1	0	1	0	1	0
cell46	0	0	0	0	0	1	0	1	1	1	1	1	1	0	1	1	0	1	0	1
cell47	0	0	0	0	0	1	0	1	1	1	1	1	1	0	1	1	0	1	0	1
cell48	1	1	1	1	1	0	1	0	1	0	0	0	0	1	1	0	1	0	1	0
cell49	0	0	0	0	0	1	0	1	1	1	1	1	1	0	1	1	0	1	0	1
cell50	0	0	0	0	0	1	0	1	1	1	1	1	1	0	1	1	0	1	0	1
cell51	1	1	1	1	1	0	1	0	1	0	0	0	0	1	1	0	1	0	1	0
cell52	1	1	1	1	1	0	1	0	1	0	0	0	0	1	1	0	1	0	1	0
cell53	1	1	1	1	1	0	1	0	1	0	0	0	0	1	1	0	1	0	1	0
cell54	0	0	0	0	0	1	0	1	1	1	1	1	1	0	1	1	0	1	0	1
cell55	0	0	0	0	0	1	0	1	1	1	1	1	1	0	1	1	0	1	0	1
cell56	1	1	1	1	1	0	1	0	1	0	0	0	0	1	1	0	1	0	1	0
cell57	0	0	0	0	0	1	0	1	1	1	1	1	1	0	1	1	0	1	0	1
cell58	1	1	1	1	1	0	1	0	1	0	0	0	0	1	1	0	1	0	1	0
cell59	0	0	0	0	0	1	0	1	1	1	1	1	1	0	1	1	0	1	0	1
cell60	0	0	0	0	0	1	0	1	1	1	1	1	1	0	1	1	0	1	0	1
cell61	0	0	0	0	0	1	0	1	1	1	1	1	1	0	1	1	0	1	0	1
cell62	0	0	0	0	0	1	0	1	1	1	1	1	1	0	1	1	0	1	0	1
cell63	1	1	1	1	1	0	1	0	1	0	0	0	0	1	1	0	1	0	1	0
cell64	1	1	1	1	1	0	1	0	1	0	0	0	0	1	1	0	1	0	1	0
cell65	1	1	1	0	0	0	1	0	1	1	1	1	1	1	1	0	0	1	0	0
cell66	1	1	1	1	1	0	1	0	1	0	0	0	0	1	1	0	1	0	1	0
cell67	0	0	0	0	0	1	0	1	1	1	1	1	1	0	1	1	0	1	0	1
cell68	0	0	0	0	0	1	0	1	1	1	1	1	1	0	1	1	0	1	0	1
cell69	0	0	0	0	0	1	0	1	1	1	1	1	1	0	1	1	0	1	0	1
cell70	0	0	0	0	0	1	0	1	1	1	1	1	1	0	1	1	0	1	0	1
cell71	1	1	1	0	0	0	1	0	1	1	1	1	1	1	1	0	0	1	0	0
cell72	1	1	1	1	1	0	1	0	1	0	0	0	0	1	1	0	1	0	1	0
cell73	1	1	1	1	1	0	1	0	1	0	0	0	0	1	1	0	1	0	1	0
cell74	0	0	0	0	0	1	0	1	1	1	1	1	1	0	1	1	0	1	0	1
cell75	0	0	0	0	0	1	0	1	1	1	1	1	1	0	1	1	0	1	0	1
cell76	1	1	1	0	0	0	1	0	1	1	1	1	1	1	1	0	0	1	0	0
cell77	0	0	0	0	0	1	0	1	1	1	1	1	1	0	1	1	0	1	0	1
cell78	1	1	1	1	1	0	1	0	1	0	0	0	0	1	1	0	1	0	1	0
cell79	1	1	1	1	1	0	1	0	1	0	0	0	0	1	1	0	1	0	1	0
cell80	1	1	1	1	1	0	1	0	1	0	0	0	0	1	1	0	1	0	1	0
cell81	1	1	1	1	1	0	1	0	1	0	0	0	0	1	1	0	1	0	1	0
cell82	1	1	1	1	1	0	1	0	1	0	0	0	0	1	1	0	1	0	1	0
cell83	0	0	0	0	0	1	0	1	1	1	1	1	1	0	1	1	0	1	0	1
cell84	0	0	0	0	0	1	0	1	1	1	1	1	1	0	1	1	0	1	0	1
cell85	1	1	1	1	1	0	1	0	1	0	0	0	0	1	1	0	1	0	1	0
cell86	0	0	0	0	0	1	0	1	1	1	1	1	1	0	1	1	0	1	0	1
cell87	0	0	0	0	0	1	0	1	1	1	1	1	1	0	1	1	0	1	0	1
cell88	0	0	0	0	0	1	0	1	1	1	1	1	1	0	1	1	0	1	0	1
cell89	1	1	1	1	1	0	1	0	1	0	0	0	0	1	1	0	1	0	1	0
cell90	0	0	0	0	0	1	0	1	1	1	1	1	1	0	1	1	0	1	0	1
cell91	1	1	1	1	1	0	1	0	1	0	0	0	0	1	1	0	1	0	1	0
cell92	1	1	1	0	0	0	1	0	1	1	1	1	1	1	1	0	0	1	0	0
cell93	0	0	0	0	0	1	0	1	1	1	1	1	1	0	1	1	0	1	0	1
cell94	0	0	0	0	0	1	0	1	1	1	1	1	1	0	1	1	0	1	0	1
cell95	1	1	1	1	1	0	1	0	1	0	0	0	0	1	1	0	1	0	1	0
cell96	1	1	1	0	0	0	1	0	1	1	1	1	1	1	1	0	0	1	0	0
cell97	1	1	1	1	1	0	1	0	1	0	0	0	0	1	1	0	1	0	1	0
cell98	1	1	1	1	1	0	1	0	1	0	0	0	0	1	1	0	1	0	1	0
cell99	0	0	0	0	0	1	0	1	1	1	1	1	1	0	1	1	0	1	0	1
cell100	0	0	0	0	0	1	0	1	1	1	1	1	1	0	1	1	0	1	0	1
cell101	1	1	1	1	1	0	1	0	1	0	0	0	0	1	1	0	1	0	1	0
cell102	1	1	1	1	1	0	1	0	1	0	0	0	0	1	1	0	1	0	1	0
cell103	1	1	1	1	1	0	1	0	1	0	0	0	0	1	1	0	1	0	1	0
cell104	1	1	1	1	1	0	1	0	1	0	0	0	0	1	1	0	1	0	1	0
cell105	1	1	1	1	1	0	1	0	1	0	0	0	0	1	1	0	1	0	1	0
cell106	1	1	1	1	1	0	1	0	1	0	0	0	0	1	1	0	1	0	1	0
cell107	1	1	1	1	1	0	1	0	1	0	0	0	0	1	1	0	1	0	1	0
cell108	0	0	0	0	0	1	0	1	1	1	1	1	1	0	1	1	0	1	0	1
cell109	0	0	0	0	0	1	0	1	1	1	1	1	1	0	1	1	0	1	0	1
cell110	0	0	0	0	0	1	0	1	1	1	1	1	1	0	1	1	0	1	0	1
cell111	1	1	1	1	1	0	1	0	1	0	0	0	0	1	1	0	1	0	1	0