cell/mut	ABCA2	AHCYL2	ARFIP1	ARMCX5	ARRDC5	ASF1A	ASXL3	ATAD3C	ATG13	BZRAP1	C17orf103	C1orf105	C21orf54	CALCOCO1	CAPN14	CASC5	CCDC168	CDH23	CDKN1B	CEACAM4	CHIAP2	CLK3	CMTM6	CYP4A22	DCAF12L2	DGKB	DOCK1	DOCK11	DOK6	DOT1L	EDN2	EDNRA	ENPP3	EPC1	FAM178A	FAM178A	GADD45G	GPRIN2	GRIP2	GSPT1	HCFC2	HDAC6	HEATR5B	HIST1H4J	HMP19	HOOK2	HOXD13	HTR2B	IFT140	IFT80	IGFBP5	IMPDH1	KCNG4	KCTD19	KIAA1549	KIF21B	KRAS	KRT34	KRTAP5-9	LETMD1	LOC441666	MAGEC3	MED1	MLN	MUC1	MYO9A	NKX3-2	NMD3	NOB1	NOP2	PARP8	PCDHGB5	PCED1A	PDCD6IP	PDS5A	PDZD11	PNN	PRKAA1	PRKAG1	PRPF38B	PTPRM	PTRH1,TTC16	RAB27B	SBSPON	SEMA5A	SEMG2	SH3TC1	SLC22A6	SQLE	SSX1	ST5	SVIL	SYNPR	SYP	TM6SF2	TMEM9	TMEM9	TPM3	TTC16	UBL5	UBXN1	VIT	WDR1	WDR13	ZNF716
cell1	1	1	0	0	1	1	1	1	1	0	1	0	0	1	0	1	1	1	1	1	1	1	0	1	1	1	1	1	1	1	0	0	1	1	1	1	1	1	1	1	1	0	1	0	1	1	0	1	1	1	1	1	1	1	1	1	1	1	1	1	1	0	1	1	1	0	1	0	0	0	1	1	1	1	1	1	1	1	1	1	1	1	0	1	1	1	0	1	1	1	1	1	1	1	1	1	1	1	1	1	0	1	1	0	1
cell2	1	0	1	1	1	1	1	1	1	1	1	0	1	0	0	0	1	1	1	1	0	1	1	1	1	1	0	1	0	1	1	1	1	1	0	0	0	0	0	1	0	1	1	1	1	0	1	0	1	1	1	1	1	0	1	0	0	1	0	0	0	1	0	1	1	1	1	1	1	1	1	1	1	0	0	0	0	1	1	0	1	0	1	1	0	1	1	0	0	0	1	1	1	0	1	1	1	1	0	1	0	1	1	1	0
cell3	1	1	0	0	1	1	1	1	1	0	1	0	0	1	0	1	1	1	1	1	1	1	0	1	1	1	1	1	1	1	0	0	1	1	1	1	1	1	1	1	1	0	1	0	1	1	0	1	1	1	1	1	1	1	1	1	1	1	1	1	1	0	1	1	1	0	1	0	0	0	1	1	1	1	1	1	1	1	1	1	1	1	0	1	1	1	0	1	1	1	1	1	1	1	1	1	1	1	1	1	0	1	1	0	1
cell4	1	0	1	1	1	1	1	1	1	1	1	0	1	0	0	0	1	1	1	1	0	1	1	1	1	1	0	1	0	1	1	1	1	1	0	0	0	0	0	1	0	1	1	1	1	0	1	0	1	1	1	1	1	0	1	0	0	1	0	0	0	1	0	1	1	1	1	1	1	1	1	1	1	0	0	0	0	1	1	0	1	0	1	1	0	1	1	0	0	0	1	1	1	0	1	1	1	1	0	1	0	1	1	1	0
cell5	1	1	0	0	1	1	1	1	1	0	1	0	0	1	0	1	1	1	1	1	1	1	0	1	1	1	1	1	1	1	0	0	1	1	1	1	1	1	1	1	1	0	1	0	1	1	0	1	1	1	1	1	1	1	1	1	1	1	1	1	1	0	1	1	1	0	1	0	0	0	1	1	1	1	1	1	1	1	1	1	1	1	0	1	1	1	0	1	1	1	1	1	1	1	1	1	1	1	1	1	0	1	1	0	1
cell6	1	1	0	0	1	1	1	1	1	0	1	0	0	1	0	1	1	1	1	1	1	1	0	1	1	1	1	1	1	1	0	0	1	1	1	1	1	1	1	1	1	0	1	0	1	1	0	1	1	1	1	1	1	1	1	1	1	1	1	1	1	0	1	1	1	0	1	0	0	0	1	1	1	1	1	1	1	1	1	1	1	1	0	1	1	1	0	1	1	1	1	1	1	1	1	1	1	1	1	1	0	1	1	0	1
cell7	1	0	1	1	1	1	1	1	1	1	1	0	1	0	0	0	1	1	1	1	0	1	1	1	1	1	0	1	0	1	1	1	1	1	0	0	0	0	0	1	0	1	1	1	1	0	1	0	1	1	1	1	1	0	1	0	0	1	0	0	0	1	0	1	1	1	1	1	1	1	1	1	1	0	0	0	0	1	1	0	1	0	1	1	0	1	1	0	0	0	1	1	1	0	1	1	1	1	0	1	0	1	1	1	0
cell8	1	0	1	1	1	1	1	1	1	1	1	0	1	0	0	0	1	1	1	1	0	1	1	1	1	1	0	1	0	1	1	1	1	1	0	0	0	0	0	1	0	1	1	1	1	0	1	0	1	1	1	1	1	0	1	0	0	1	0	0	0	1	0	1	1	1	1	1	1	1	1	1	1	0	0	0	0	1	1	0	1	0	1	1	0	1	1	0	0	0	1	1	1	0	1	1	1	1	0	1	0	1	1	1	0
cell9	1	0	1	1	1	1	1	1	1	1	1	0	1	0	0	0	1	1	1	1	0	1	1	1	1	1	0	1	0	1	1	1	1	1	0	0	0	0	0	1	0	1	1	1	1	0	1	0	1	1	1	1	1	0	1	0	0	1	0	0	0	1	0	1	1	1	1	1	1	1	1	1	1	0	0	0	0	1	1	0	1	0	1	1	0	1	1	0	0	0	1	1	1	0	1	1	1	1	0	1	0	1	1	1	0
cell10	1	1	0	0	1	1	1	1	1	0	1	0	0	1	0	1	1	1	1	1	1	1	0	1	1	1	1	1	1	1	0	0	1	1	1	1	1	1	1	1	1	0	1	0	1	1	0	1	1	1	1	1	1	1	1	1	1	1	1	1	1	0	1	1	1	0	1	0	0	0	1	1	1	1	1	1	1	1	1	1	1	1	0	1	1	1	0	1	1	1	1	1	1	1	1	1	1	1	1	1	0	1	1	0	1
cell11	1	0	1	1	1	1	1	1	1	1	1	0	1	0	0	0	1	1	1	1	0	1	1	1	1	1	0	1	0	1	1	1	1	1	0	0	0	0	0	1	0	1	1	1	1	0	1	0	1	1	1	1	1	0	1	0	0	1	0	0	0	1	0	1	1	1	1	1	1	1	1	1	1	0	0	0	0	1	1	0	1	0	1	1	0	1	1	0	0	0	1	1	1	0	1	1	1	1	0	1	0	1	1	1	0
cell12	1	1	0	0	1	1	1	1	1	0	1	0	0	1	0	1	1	1	1	1	1	1	0	1	1	1	1	1	1	1	0	0	1	1	1	1	1	1	1	1	1	0	1	0	1	1	0	1	1	1	1	1	1	1	1	1	1	1	1	1	1	0	1	1	1	0	1	0	0	0	1	1	1	1	1	1	1	1	1	1	1	1	0	1	1	1	0	1	1	1	1	1	1	1	1	1	1	1	1	1	0	1	1	0	1
cell13	1	1	0	0	1	1	1	1	1	0	1	0	0	1	0	1	1	1	1	1	1	1	0	1	1	1	1	1	1	1	0	0	1	1	1	1	1	1	1	1	1	0	1	0	1	1	0	1	1	1	1	1	1	1	1	1	1	1	1	1	1	0	1	1	1	0	1	0	0	0	1	1	1	1	1	1	1	1	1	1	1	1	0	1	1	1	0	1	1	1	1	1	1	1	1	1	1	1	1	1	0	1	1	0	1
cell14	1	0	1	1	1	1	1	1	1	1	1	0	1	0	0	0	1	1	1	1	0	1	1	1	1	1	0	1	0	1	1	1	1	1	0	0	0	0	0	1	0	1	1	1	1	0	1	0	1	1	1	1	1	0	1	0	0	1	0	0	0	1	0	1	1	1	1	1	1	1	1	1	1	0	0	0	0	1	1	0	1	0	1	1	0	1	1	0	0	0	1	1	1	0	1	1	1	1	0	1	0	1	1	1	0
cell15	1	1	0	0	1	1	1	1	1	0	1	0	0	1	0	1	1	1	1	1	1	1	0	1	1	1	1	1	1	1	0	0	1	1	1	1	1	1	1	1	1	0	1	0	1	1	0	1	1	1	1	1	1	1	1	1	1	1	1	1	1	0	1	1	1	0	1	0	0	0	1	1	1	1	1	1	1	1	1	1	1	1	0	1	1	1	0	1	1	1	1	1	1	1	1	1	1	1	1	1	0	1	1	0	1
cell16	1	0	1	1	1	1	1	1	1	1	1	0	1	0	0	0	1	1	1	1	0	1	1	1	1	1	0	1	0	1	1	1	1	1	0	0	0	0	0	1	0	1	1	1	1	0	1	0	1	1	1	1	1	0	1	0	0	1	0	0	0	1	0	1	1	1	1	1	1	1	1	1	1	0	0	0	0	1	1	0	1	0	1	1	0	1	1	0	0	0	1	1	1	0	1	1	1	1	0	1	0	1	1	1	0
cell17	1	0	1	1	1	1	1	1	1	1	1	0	1	0	0	0	1	1	1	1	0	1	1	1	1	1	0	1	0	1	1	1	1	1	0	0	0	0	0	1	0	1	1	1	1	0	1	0	1	1	1	1	1	0	1	0	0	1	0	0	0	1	0	1	1	1	1	1	1	1	1	1	1	0	0	0	0	1	1	0	1	0	1	1	0	1	1	0	0	0	1	1	1	0	1	1	1	1	0	1	0	1	1	1	0
cell18	1	0	1	1	1	1	1	1	1	1	1	0	1	0	0	0	1	1	1	1	0	1	1	1	1	1	0	1	0	1	1	1	1	1	0	0	0	0	0	1	0	1	1	1	1	0	1	0	1	1	1	1	1	0	1	0	0	1	0	0	0	1	0	1	1	1	1	1	1	1	1	1	1	0	0	0	0	1	1	0	1	0	1	1	0	1	1	0	0	0	1	1	1	0	1	1	1	1	0	1	0	1	1	1	0
cell19	1	0	1	1	1	1	1	1	1	1	1	0	1	0	0	0	1	1	1	1	0	1	1	1	1	1	0	1	0	1	1	1	1	1	0	0	0	0	0	1	0	1	1	1	1	0	1	0	1	1	1	1	1	0	1	0	0	1	0	0	0	1	0	1	1	1	1	1	1	1	1	1	1	0	0	0	0	1	1	0	1	0	1	1	0	1	1	0	0	0	1	1	1	0	1	1	1	1	0	1	0	1	1	1	0
cell20	1	0	1	1	1	1	1	1	1	1	1	0	1	0	0	0	1	1	1	1	0	1	1	1	1	1	0	1	0	1	1	1	1	1	0	0	0	0	0	1	0	1	1	1	1	0	1	0	1	1	1	1	1	0	1	0	0	1	0	0	0	1	0	1	1	1	1	1	1	1	1	1	1	0	0	0	0	1	1	0	1	0	1	1	0	1	1	0	0	0	1	1	1	0	1	1	1	1	0	1	0	1	1	1	0
cell21	1	0	1	1	1	1	1	1	1	1	1	0	1	0	0	0	1	1	1	1	0	1	1	1	1	1	0	1	0	1	1	1	1	1	0	0	0	0	0	1	0	1	1	1	1	0	1	0	1	1	1	1	1	0	1	0	0	1	0	0	0	1	0	1	1	1	1	1	1	1	1	1	1	0	0	0	0	1	1	0	1	0	1	1	0	1	1	0	0	0	1	1	1	0	1	1	1	1	0	1	0	1	1	1	0
cell22	1	1	0	0	1	1	1	1	1	0	1	0	0	1	0	1	1	1	1	1	1	1	0	1	1	1	1	1	1	1	0	0	1	1	1	1	1	1	1	1	1	0	1	0	1	1	0	1	1	1	1	1	1	1	1	1	1	1	1	1	1	0	1	1	1	0	1	0	0	0	1	1	1	1	1	1	1	1	1	1	1	1	0	1	1	1	0	1	1	1	1	1	1	1	1	1	1	1	1	1	0	1	1	0	1
cell23	1	1	0	0	1	1	1	1	1	0	1	0	0	1	0	1	1	1	1	1	1	1	0	1	1	1	1	1	1	1	0	0	1	1	1	1	1	1	1	1	1	0	1	0	1	1	0	1	1	1	1	1	1	1	1	1	1	1	1	1	1	0	1	1	1	0	1	0	0	0	1	1	1	1	1	1	1	1	1	1	1	1	0	1	1	1	0	1	1	1	1	1	1	1	1	1	1	1	1	1	0	1	1	0	1
cell24	1	0	1	1	1	1	1	1	1	1	1	0	1	0	0	0	1	1	1	1	0	1	1	1	1	1	0	1	0	1	1	1	1	1	0	0	0	0	0	1	0	1	1	1	1	0	1	0	1	1	1	1	1	0	1	0	0	1	0	0	0	1	0	1	1	1	1	1	1	1	1	1	1	0	0	0	0	1	1	0	1	0	1	1	0	1	1	0	0	0	1	1	1	0	1	1	1	1	0	1	0	1	1	1	0
cell25	1	0	1	1	1	1	1	1	1	1	1	0	1	0	0	0	1	1	1	1	0	1	1	1	1	1	0	1	0	1	1	1	1	1	0	0	0	0	0	1	0	1	1	1	1	0	1	0	1	1	1	1	1	0	1	0	0	1	0	0	0	1	0	1	1	1	1	1	1	1	1	1	1	0	0	0	0	1	1	0	1	0	1	1	0	1	1	0	0	0	1	1	1	0	1	1	1	1	0	1	0	1	1	1	0
cell26	0	0	0	0	0	0	0	0	0	0	0	0	0	0	0	0	0	0	0	0	0	0	0	0	0	1	0	0	0	0	0	0	0	0	0	0	0	0	0	0	0	0	0	0	0	0	0	0	1	0	0	0	0	0	0	0	0	0	0	0	0	0	0	0	0	0	0	0	0	0	0	0	0	0	0	0	0	0	0	0	0	0	0	0	0	0	0	0	0	0	0	0	0	0	0	0	0	0	0	0	0	0	1	0	0
cell27	1	0	1	1	1	1	1	1	1	1	1	0	1	0	0	0	1	1	1	1	0	1	1	1	1	1	0	1	0	1	1	1	1	1	0	0	0	0	0	1	0	1	1	1	1	0	1	0	1	1	1	1	1	0	1	0	0	1	0	0	0	1	0	1	1	1	1	1	1	1	1	1	1	0	0	0	0	1	1	0	1	0	1	1	0	1	1	0	0	0	1	1	1	0	1	1	1	1	0	1	0	1	1	1	0
cell28	1	0	1	1	1	1	1	1	1	1	1	0	1	0	0	0	1	1	1	1	0	1	1	1	1	1	0	1	0	1	1	1	1	1	0	0	0	0	0	1	0	1	1	1	1	0	1	0	1	1	1	1	1	0	1	0	0	1	0	0	0	1	0	1	1	1	1	1	1	1	1	1	1	0	0	0	0	1	1	0	1	0	1	1	0	1	1	0	0	0	1	1	1	0	1	1	1	1	0	1	0	1	1	1	0
cell29	1	0	1	1	1	1	1	1	1	1	1	0	1	0	0	0	1	1	1	1	0	1	1	1	1	1	0	1	0	1	1	1	1	1	0	0	0	0	0	1	0	1	1	1	1	0	1	0	1	1	1	1	1	0	1	0	0	1	0	0	0	1	0	1	1	1	1	1	1	1	1	1	1	0	0	0	0	1	1	0	1	0	1	1	0	1	1	0	0	0	1	1	1	0	1	1	1	1	0	1	0	1	1	1	0
cell30	1	1	0	0	1	1	1	1	1	0	1	0	0	1	0	1	1	1	1	1	1	1	0	1	1	1	1	1	1	1	0	0	1	1	1	1	1	1	1	1	1	0	1	0	1	1	0	1	1	1	1	1	1	1	1	1	1	1	1	1	1	0	1	1	1	0	1	0	0	0	1	1	1	1	1	1	1	1	1	1	1	1	0	1	1	1	0	1	1	1	1	1	1	1	1	1	1	1	1	1	0	1	1	0	1
cell31	1	1	0	0	1	1	1	1	1	0	1	0	0	1	0	1	1	1	1	1	1	1	0	1	1	1	1	1	1	1	0	0	1	1	1	1	1	1	1	1	1	0	1	0	1	1	0	1	1	1	1	1	1	1	1	1	1	1	1	1	1	0	1	1	1	0	1	0	0	0	1	1	1	1	1	1	1	1	1	1	1	1	0	1	1	1	0	1	1	1	1	1	1	1	1	1	1	1	1	1	0	1	1	0	1
cell32	0	0	0	0	0	0	0	0	0	0	0	0	0	0	0	0	0	0	0	0	0	0	0	0	0	1	0	0	0	0	0	0	0	0	0	0	0	0	0	0	0	0	0	0	0	0	0	0	1	0	0	0	0	0	0	0	0	0	0	0	0	0	0	0	0	0	0	0	0	0	0	0	0	0	0	0	0	0	0	0	0	0	0	0	0	0	0	0	0	0	0	0	0	0	0	0	0	0	0	0	0	0	1	0	0
cell33	1	0	1	1	1	1	1	1	1	1	1	0	1	0	0	0	1	1	1	1	0	1	1	1	1	1	0	1	0	1	1	1	1	1	0	0	0	0	0	1	0	1	1	1	1	0	1	0	1	1	1	1	1	0	1	0	0	1	0	0	0	1	0	1	1	1	1	1	1	1	1	1	1	0	0	0	0	1	1	0	1	0	1	1	0	1	1	0	0	0	1	1	1	0	1	1	1	1	0	1	0	1	1	1	0
cell34	1	1	0	0	1	1	1	1	1	0	1	0	0	1	0	1	1	1	1	1	1	1	0	1	1	1	1	1	1	1	0	0	1	1	1	1	1	1	1	1	1	0	1	0	1	1	0	1	1	1	1	1	1	1	1	1	1	1	1	1	1	0	1	1	1	0	1	0	0	0	1	1	1	1	1	1	1	1	1	1	1	1	0	1	1	1	0	1	1	1	1	1	1	1	1	1	1	1	1	1	0	1	1	0	1
cell35	1	1	0	0	1	1	1	1	1	0	1	0	0	1	0	1	1	1	1	1	1	1	0	1	1	1	1	1	1	1	0	0	1	1	1	1	1	1	1	1	1	0	1	0	1	1	0	1	1	1	1	1	1	1	1	1	1	1	1	1	1	0	1	1	1	0	1	0	0	0	1	1	1	1	1	1	1	1	1	1	1	1	0	1	1	1	0	1	1	1	1	1	1	1	1	1	1	1	1	1	0	1	1	0	1
cell36	1	0	1	1	1	1	1	1	1	1	1	0	1	0	0	0	1	1	1	1	0	1	1	1	1	1	0	1	0	1	1	1	1	1	0	0	0	0	0	1	0	1	1	1	1	0	1	0	1	1	1	1	1	0	1	0	0	1	0	0	0	1	0	1	1	1	1	1	1	1	1	1	1	0	0	0	0	1	1	0	1	0	1	1	0	1	1	0	0	0	1	1	1	0	1	1	1	1	0	1	0	1	1	1	0
cell37	1	0	1	1	1	1	1	1	1	1	1	0	1	0	0	0	1	1	1	1	0	1	1	1	1	1	0	1	0	1	1	1	1	1	0	0	0	0	0	1	0	1	1	1	1	0	1	0	1	1	1	1	1	0	1	0	0	1	0	0	0	1	0	1	1	1	1	1	1	1	1	1	1	0	0	0	0	1	1	0	1	0	1	1	0	1	1	0	0	0	1	1	1	0	1	1	1	1	0	1	0	1	1	1	0
cell38	1	1	0	0	1	1	1	1	1	0	1	0	0	1	0	1	1	1	1	1	1	1	0	1	1	1	1	1	1	1	0	0	1	1	1	1	1	1	1	1	1	0	1	0	1	1	0	1	1	1	1	1	1	1	1	1	1	1	1	1	1	0	1	1	1	0	1	0	0	0	1	1	1	1	1	1	1	1	1	1	1	1	0	1	1	1	0	1	1	1	1	1	1	1	1	1	1	1	1	1	0	1	1	0	1
cell39	1	0	1	1	1	1	1	1	1	1	1	0	1	0	0	0	1	1	1	1	0	1	1	1	1	1	0	1	0	1	1	1	1	1	0	0	0	0	0	1	0	1	1	1	1	0	1	0	1	1	1	1	1	0	1	0	0	1	0	0	0	1	0	1	1	1	1	1	1	1	1	1	1	0	0	0	0	1	1	0	1	0	1	1	0	1	1	0	0	0	1	1	1	0	1	1	1	1	0	1	0	1	1	1	0
cell40	1	1	0	0	1	1	1	1	1	0	1	0	0	1	0	1	1	1	1	1	1	1	0	1	1	1	1	1	1	1	0	0	1	1	1	1	1	1	1	1	1	0	1	0	1	1	0	1	1	1	1	1	1	1	1	1	1	1	1	1	1	0	1	1	1	0	1	0	0	0	1	1	1	1	1	1	1	1	1	1	1	1	0	1	1	1	0	1	1	1	1	1	1	1	1	1	1	1	1	1	0	1	1	0	1
cell41	1	1	0	0	1	1	1	1	1	0	1	0	0	1	0	1	1	1	1	1	1	1	0	1	1	1	1	1	1	1	0	0	1	1	1	1	1	1	1	1	1	0	1	0	1	1	0	1	1	1	1	1	1	1	1	1	1	1	1	1	1	0	1	1	1	0	1	0	0	0	1	1	1	1	1	1	1	1	1	1	1	1	0	1	1	1	0	1	1	1	1	1	1	1	1	1	1	1	1	1	0	1	1	0	1
cell42	1	1	0	0	1	1	1	1	1	0	1	0	0	1	0	1	1	1	1	1	1	1	0	1	1	1	1	1	1	1	0	0	1	1	1	1	1	1	1	1	1	0	1	0	1	1	0	1	1	1	1	1	1	1	1	1	1	1	1	1	1	0	1	1	1	0	1	0	0	0	1	1	1	1	1	1	1	1	1	1	1	1	0	1	1	1	0	1	1	1	1	1	1	1	1	1	1	1	1	1	0	1	1	0	1
cell43	1	1	0	0	1	1	1	1	1	0	1	0	0	1	0	1	1	1	1	1	1	1	0	1	1	1	1	1	1	1	0	0	1	1	1	1	1	1	1	1	1	0	1	0	1	1	0	1	1	1	1	1	1	1	1	1	1	1	1	1	1	0	1	1	1	0	1	0	0	0	1	1	1	1	1	1	1	1	1	1	1	1	0	1	1	1	0	1	1	1	1	1	1	1	1	1	1	1	1	1	0	1	1	0	1
cell44	1	0	1	1	1	1	1	1	1	1	1	0	1	0	0	0	1	1	1	1	0	1	1	1	1	1	0	1	0	1	1	1	1	1	0	0	0	0	0	1	0	1	1	1	1	0	1	0	1	1	1	1	1	0	1	0	0	1	0	0	0	1	0	1	1	1	1	1	1	1	1	1	1	0	0	0	0	1	1	0	1	0	1	1	0	1	1	0	0	0	1	1	1	0	1	1	1	1	0	1	0	1	1	1	0
cell45	1	1	0	0	1	1	1	1	1	0	1	0	0	1	0	1	1	1	1	1	1	1	0	1	1	1	1	1	1	1	0	0	1	1	1	1	1	1	1	1	1	0	1	0	1	1	0	1	1	1	1	1	1	1	1	1	1	1	1	1	1	0	1	1	1	0	1	0	0	0	1	1	1	1	1	1	1	1	1	1	1	1	0	1	1	1	0	1	1	1	1	1	1	1	1	1	1	1	1	1	0	1	1	0	1
cell46	1	0	1	1	1	1	1	1	1	1	1	0	1	0	0	0	1	1	1	1	0	1	1	1	1	1	0	1	0	1	1	1	1	1	0	0	0	0	0	1	0	1	1	1	1	0	1	0	1	1	1	1	1	0	1	0	0	1	0	0	0	1	0	1	1	1	1	1	1	1	1	1	1	0	0	0	0	1	1	0	1	0	1	1	0	1	1	0	0	0	1	1	1	0	1	1	1	1	0	1	0	1	1	1	0
cell47	1	1	0	0	1	1	1	1	1	0	1	0	0	1	0	1	1	1	1	1	1	1	0	1	1	1	1	1	1	1	0	0	1	1	1	1	1	1	1	1	1	0	1	0	1	1	0	1	1	1	1	1	1	1	1	1	1	1	1	1	1	0	1	1	1	0	1	0	0	0	1	1	1	1	1	1	1	1	1	1	1	1	0	1	1	1	0	1	1	1	1	1	1	1	1	1	1	1	1	1	0	1	1	0	1
cell48	1	0	1	1	1	1	1	1	1	1	1	0	1	0	0	0	1	1	1	1	0	1	1	1	1	1	0	1	0	1	1	1	1	1	0	0	0	0	0	1	0	1	1	1	1	0	1	0	1	1	1	1	1	0	1	0	0	1	0	0	0	1	0	1	1	1	1	1	1	1	1	1	1	0	0	0	0	1	1	0	1	0	1	1	0	1	1	0	0	0	1	1	1	0	1	1	1	1	0	1	0	1	1	1	0
cell49	1	1	0	0	1	1	1	1	1	0	1	0	0	1	0	1	1	1	1	1	1	1	0	1	1	1	1	1	1	1	0	0	1	1	1	1	1	1	1	1	1	0	1	0	1	1	0	1	1	1	1	1	1	1	1	1	1	1	1	1	1	0	1	1	1	0	1	0	0	0	1	1	1	1	1	1	1	1	1	1	1	1	0	1	1	1	0	1	1	1	1	1	1	1	1	1	1	1	1	1	0	1	1	0	1
cell50	1	0	1	1	1	1	1	1	1	1	1	0	1	0	0	0	1	1	1	1	0	1	1	1	1	1	0	1	0	1	1	1	1	1	0	0	0	0	0	1	0	1	1	1	1	0	1	0	1	1	1	1	1	0	1	0	0	1	0	0	0	1	0	1	1	1	1	1	1	1	1	1	1	0	0	0	0	1	1	0	1	0	1	1	0	1	1	0	0	0	1	1	1	0	1	1	1	1	0	1	0	1	1	1	0
cell51	1	0	1	1	1	1	1	1	1	1	1	0	1	0	0	0	1	1	1	1	0	1	1	1	1	1	0	1	0	1	1	1	1	1	0	0	0	0	0	1	0	1	1	1	1	0	1	0	1	1	1	1	1	0	1	0	0	1	0	0	0	1	0	1	1	1	1	1	1	1	1	1	1	0	0	0	0	1	1	0	1	0	1	1	0	1	1	0	0	0	1	1	1	0	1	1	1	1	0	1	0	1	1	1	0
cell52	1	0	1	1	1	1	1	1	1	1	1	0	1	0	0	0	1	1	1	1	0	1	1	1	1	1	0	1	0	1	1	1	1	1	0	0	0	0	0	1	0	1	1	1	1	0	1	0	1	1	1	1	1	0	1	0	0	1	0	0	0	1	0	1	1	1	1	1	1	1	1	1	1	0	0	0	0	1	1	0	1	0	1	1	0	1	1	0	0	0	1	1	1	0	1	1	1	1	0	1	0	1	1	1	0
cell53	1	1	0	0	1	1	1	1	1	0	1	0	0	1	0	1	1	1	1	1	1	1	0	1	1	1	1	1	1	1	0	0	1	1	1	1	1	1	1	1	1	0	1	0	1	1	0	1	1	1	1	1	1	1	1	1	1	1	1	1	1	0	1	1	1	0	1	0	0	0	1	1	1	1	1	1	1	1	1	1	1	1	0	1	1	1	0	1	1	1	1	1	1	1	1	1	1	1	1	1	0	1	1	0	1
cell54	0	0	0	0	0	0	0	0	0	0	0	0	0	0	0	0	0	0	0	0	0	0	0	0	0	1	0	0	0	0	0	0	0	0	0	0	0	0	0	0	0	0	0	0	0	0	0	0	1	0	0	0	0	0	0	0	0	0	0	0	0	0	0	0	0	0	0	0	0	0	0	0	0	0	0	0	0	0	0	0	0	0	0	0	0	0	0	0	0	0	0	0	0	0	0	0	0	0	0	0	0	0	1	0	0
cell55	1	0	1	1	1	1	1	1	1	1	1	0	1	0	0	0	1	1	1	1	0	1	1	1	1	1	0	1	0	1	1	1	1	1	0	0	0	0	0	1	0	1	1	1	1	0	1	0	1	1	1	1	1	0	1	0	0	1	0	0	0	1	0	1	1	1	1	1	1	1	1	1	1	0	0	0	0	1	1	0	1	0	1	1	0	1	1	0	0	0	1	1	1	0	1	1	1	1	0	1	0	1	1	1	0
cell56	1	1	0	0	1	1	1	1	1	0	1	0	0	1	0	1	1	1	1	1	1	1	0	1	1	1	1	1	1	1	0	0	1	1	1	1	1	1	1	1	1	0	1	0	1	1	0	1	1	1	1	1	1	1	1	1	1	1	1	1	1	0	1	1	1	0	1	0	0	0	1	1	1	1	1	1	1	1	1	1	1	1	0	1	1	1	0	1	1	1	1	1	1	1	1	1	1	1	1	1	0	1	1	0	1
cell57	1	1	0	0	1	1	1	1	1	0	1	0	0	1	0	1	1	1	1	1	1	1	0	1	1	1	1	1	1	1	0	0	1	1	1	1	1	1	1	1	1	0	1	0	1	1	0	1	1	1	1	1	1	1	1	1	1	1	1	1	1	0	1	1	1	0	1	0	0	0	1	1	1	1	1	1	1	1	1	1	1	1	0	1	1	1	0	1	1	1	1	1	1	1	1	1	1	1	1	1	0	1	1	0	1
cell58	1	0	1	1	1	1	1	1	1	1	1	0	1	0	0	0	1	1	1	1	0	1	1	1	1	1	0	1	0	1	1	1	1	1	0	0	0	0	0	1	0	1	1	1	1	0	1	0	1	1	1	1	1	0	1	0	0	1	0	0	0	1	0	1	1	1	1	1	1	1	1	1	1	0	0	0	0	1	1	0	1	0	1	1	0	1	1	0	0	0	1	1	1	0	1	1	1	1	0	1	0	1	1	1	0
cell59	0	0	0	0	0	0	0	0	0	0	0	0	0	0	0	0	0	0	0	0	0	0	0	0	0	1	0	0	0	0	0	0	0	0	0	0	0	0	0	0	0	0	0	0	0	0	0	0	1	0	0	0	0	0	0	0	0	0	0	0	0	0	0	0	0	0	0	0	0	0	0	0	0	0	0	0	0	0	0	0	0	0	0	0	0	0	0	0	0	0	0	0	0	0	0	0	0	0	0	0	0	0	1	0	0
cell60	1	1	0	0	1	1	1	1	1	0	1	0	0	1	0	1	1	1	1	1	1	1	0	1	1	1	1	1	1	1	0	0	1	1	1	1	1	1	1	1	1	0	1	0	1	1	0	1	1	1	1	1	1	1	1	1	1	1	1	1	1	0	1	1	1	0	1	0	0	0	1	1	1	1	1	1	1	1	1	1	1	1	0	1	1	1	0	1	1	1	1	1	1	1	1	1	1	1	1	1	0	1	1	0	1
cell61	1	1	0	0	1	1	1	1	1	0	1	0	0	1	0	1	1	1	1	1	1	1	0	1	1	1	1	1	1	1	0	0	1	1	1	1	1	1	1	1	1	0	1	0	1	1	0	1	1	1	1	1	1	1	1	1	1	1	1	1	1	0	1	1	1	0	1	0	0	0	1	1	1	1	1	1	1	1	1	1	1	1	0	1	1	1	0	1	1	1	1	1	1	1	1	1	1	1	1	1	0	1	1	0	1
cell62	1	0	1	1	1	1	1	1	1	1	1	0	1	0	0	0	1	1	1	1	0	1	1	1	1	1	0	1	0	1	1	1	1	1	0	0	0	0	0	1	0	1	1	1	1	0	1	0	1	1	1	1	1	0	1	0	0	1	0	0	0	1	0	1	1	1	1	1	1	1	1	1	1	0	0	0	0	1	1	0	1	0	1	1	0	1	1	0	0	0	1	1	1	0	1	1	1	1	0	1	0	1	1	1	0
cell63	1	0	1	1	1	1	1	1	1	1	1	0	1	0	0	0	1	1	1	1	0	1	1	1	1	1	0	1	0	1	1	1	1	1	0	0	0	0	0	1	0	1	1	1	1	0	1	0	1	1	1	1	1	0	1	0	0	1	0	0	0	1	0	1	1	1	1	1	1	1	1	1	1	0	0	0	0	1	1	0	1	0	1	1	0	1	1	0	0	0	1	1	1	0	1	1	1	1	0	1	0	1	1	1	0
cell64	1	0	1	1	1	1	1	1	1	1	1	0	1	0	0	0	1	1	1	1	0	1	1	1	1	1	0	1	0	1	1	1	1	1	0	0	0	0	0	1	0	1	1	1	1	0	1	0	1	1	1	1	1	0	1	0	0	1	0	0	0	1	0	1	1	1	1	1	1	1	1	1	1	0	0	0	0	1	1	0	1	0	1	1	0	1	1	0	0	0	1	1	1	0	1	1	1	1	0	1	0	1	1	1	0
cell65	1	0	1	1	1	1	1	1	1	1	1	0	1	0	0	0	1	1	1	1	0	1	1	1	1	1	0	1	0	1	1	1	1	1	0	0	0	0	0	1	0	1	1	1	1	0	1	0	1	1	1	1	1	0	1	0	0	1	0	0	0	1	0	1	1	1	1	1	1	1	1	1	1	0	0	0	0	1	1	0	1	0	1	1	0	1	1	0	0	0	1	1	1	0	1	1	1	1	0	1	0	1	1	1	0
cell66	1	1	0	0	1	1	1	1	1	0	1	0	0	1	0	1	1	1	1	1	1	1	0	1	1	1	1	1	1	1	0	0	1	1	1	1	1	1	1	1	1	0	1	0	1	1	0	1	1	1	1	1	1	1	1	1	1	1	1	1	1	0	1	1	1	0	1	0	0	0	1	1	1	1	1	1	1	1	1	1	1	1	0	1	1	1	0	1	1	1	1	1	1	1	1	1	1	1	1	1	0	1	1	0	1
cell67	1	0	1	1	1	1	1	1	1	1	1	0	1	0	0	0	1	1	1	1	0	1	1	1	1	1	0	1	0	1	1	1	1	1	0	0	0	0	0	1	0	1	1	1	1	0	1	0	1	1	1	1	1	0	1	0	0	1	0	0	0	1	0	1	1	1	1	1	1	1	1	1	1	0	0	0	0	1	1	0	1	0	1	1	0	1	1	0	0	0	1	1	1	0	1	1	1	1	0	1	0	1	1	1	0
cell68	1	1	0	0	1	1	1	1	1	0	1	0	0	1	0	1	1	1	1	1	1	1	0	1	1	1	1	1	1	1	0	0	1	1	1	1	1	1	1	1	1	0	1	0	1	1	0	1	1	1	1	1	1	1	1	1	1	1	1	1	1	0	1	1	1	0	1	0	0	0	1	1	1	1	1	1	1	1	1	1	1	1	0	1	1	1	0	1	1	1	1	1	1	1	1	1	1	1	1	1	0	1	1	0	1
cell69	1	0	1	1	1	1	1	1	1	1	1	0	1	0	0	0	1	1	1	1	0	1	1	1	1	1	0	1	0	1	1	1	1	1	0	0	0	0	0	1	0	1	1	1	1	0	1	0	1	1	1	1	1	0	1	0	0	1	0	0	0	1	0	1	1	1	1	1	1	1	1	1	1	0	0	0	0	1	1	0	1	0	1	1	0	1	1	0	0	0	1	1	1	0	1	1	1	1	0	1	0	1	1	1	0
cell70	1	0	1	1	1	1	1	1	1	1	1	0	1	0	0	0	1	1	1	1	0	1	1	1	1	1	0	1	0	1	1	1	1	1	0	0	0	0	0	1	0	1	1	1	1	0	1	0	1	1	1	1	1	0	1	0	0	1	0	0	0	1	0	1	1	1	1	1	1	1	1	1	1	0	0	0	0	1	1	0	1	0	1	1	0	1	1	0	0	0	1	1	1	0	1	1	1	1	0	1	0	1	1	1	0
cell71	1	1	0	0	1	1	1	1	1	0	1	0	0	1	0	1	1	1	1	1	1	1	0	1	1	1	1	1	1	1	0	0	1	1	1	1	1	1	1	1	1	0	1	0	1	1	0	1	1	1	1	1	1	1	1	1	1	1	1	1	1	0	1	1	1	0	1	0	0	0	1	1	1	1	1	1	1	1	1	1	1	1	0	1	1	1	0	1	1	1	1	1	1	1	1	1	1	1	1	1	0	1	1	0	1
cell72	1	1	0	0	1	1	1	1	1	0	1	0	0	1	0	1	1	1	1	1	1	1	0	1	1	1	1	1	1	1	0	0	1	1	1	1	1	1	1	1	1	0	1	0	1	1	0	1	1	1	1	1	1	1	1	1	1	1	1	1	1	0	1	1	1	0	1	0	0	0	1	1	1	1	1	1	1	1	1	1	1	1	0	1	1	1	0	1	1	1	1	1	1	1	1	1	1	1	1	1	0	1	1	0	1
cell73	1	0	1	1	1	1	1	1	1	1	1	0	1	0	0	0	1	1	1	1	0	1	1	1	1	1	0	1	0	1	1	1	1	1	0	0	0	0	0	1	0	1	1	1	1	0	1	0	1	1	1	1	1	0	1	0	0	1	0	0	0	1	0	1	1	1	1	1	1	1	1	1	1	0	0	0	0	1	1	0	1	0	1	1	0	1	1	0	0	0	1	1	1	0	1	1	1	1	0	1	0	1	1	1	0
cell74	1	0	1	1	1	1	1	1	1	1	1	0	1	0	0	0	1	1	1	1	0	1	1	1	1	1	0	1	0	1	1	1	1	1	0	0	0	0	0	1	0	1	1	1	1	0	1	0	1	1	1	1	1	0	1	0	0	1	0	0	0	1	0	1	1	1	1	1	1	1	1	1	1	0	0	0	0	1	1	0	1	0	1	1	0	1	1	0	0	0	1	1	1	0	1	1	1	1	0	1	0	1	1	1	0
cell75	1	0	1	1	1	1	1	1	1	1	1	0	1	0	0	0	1	1	1	1	0	1	1	1	1	1	0	1	0	1	1	1	1	1	0	0	0	0	0	1	0	1	1	1	1	0	1	0	1	1	1	1	1	0	1	0	0	1	0	0	0	1	0	1	1	1	1	1	1	1	1	1	1	0	0	0	0	1	1	0	1	0	1	1	0	1	1	0	0	0	1	1	1	0	1	1	1	1	0	1	0	1	1	1	0
cell76	1	1	0	0	1	1	1	1	1	0	1	0	0	1	0	1	1	1	1	1	1	1	0	1	1	1	1	1	1	1	0	0	1	1	1	1	1	1	1	1	1	0	1	0	1	1	0	1	1	1	1	1	1	1	1	1	1	1	1	1	1	0	1	1	1	0	1	0	0	0	1	1	1	1	1	1	1	1	1	1	1	1	0	1	1	1	0	1	1	1	1	1	1	1	1	1	1	1	1	1	0	1	1	0	1
cell77	1	0	1	1	1	1	1	1	1	1	1	0	1	0	0	0	1	1	1	1	0	1	1	1	1	1	0	1	0	1	1	1	1	1	0	0	0	0	0	1	0	1	1	1	1	0	1	0	1	1	1	1	1	0	1	0	0	1	0	0	0	1	0	1	1	1	1	1	1	1	1	1	1	0	0	0	0	1	1	0	1	0	1	1	0	1	1	0	0	0	1	1	1	0	1	1	1	1	0	1	0	1	1	1	0
cell78	0	0	0	0	0	0	0	0	0	0	0	0	0	0	0	0	0	0	0	0	0	0	0	0	0	1	0	0	0	0	0	0	0	0	0	0	0	0	0	0	0	0	0	0	0	0	0	0	1	0	0	0	0	0	0	0	0	0	0	0	0	0	0	0	0	0	0	0	0	0	0	0	0	0	0	0	0	0	0	0	0	0	0	0	0	0	0	0	0	0	0	0	0	0	0	0	0	0	0	0	0	0	1	0	0
cell79	1	0	1	1	1	1	1	1	1	1	1	0	1	0	0	0	1	1	1	1	0	1	1	1	1	1	0	1	0	1	1	1	1	1	0	0	0	0	0	1	0	1	1	1	1	0	1	0	1	1	1	1	1	0	1	0	0	1	0	0	0	1	0	1	1	1	1	1	1	1	1	1	1	0	0	0	0	1	1	0	1	0	1	1	0	1	1	0	0	0	1	1	1	0	1	1	1	1	0	1	0	1	1	1	0
cell80	1	1	0	0	1	1	1	1	1	0	1	0	0	1	0	1	1	1	1	1	1	1	0	1	1	1	1	1	1	1	0	0	1	1	1	1	1	1	1	1	1	0	1	0	1	1	0	1	1	1	1	1	1	1	1	1	1	1	1	1	1	0	1	1	1	0	1	0	0	0	1	1	1	1	1	1	1	1	1	1	1	1	0	1	1	1	0	1	1	1	1	1	1	1	1	1	1	1	1	1	0	1	1	0	1
cell81	1	1	0	0	1	1	1	1	1	0	1	0	0	1	0	1	1	1	1	1	1	1	0	1	1	1	1	1	1	1	0	0	1	1	1	1	1	1	1	1	1	0	1	0	1	1	0	1	1	1	1	1	1	1	1	1	1	1	1	1	1	0	1	1	1	0	1	0	0	0	1	1	1	1	1	1	1	1	1	1	1	1	0	1	1	1	0	1	1	1	1	1	1	1	1	1	1	1	1	1	0	1	1	0	1
cell82	1	0	1	1	1	1	1	1	1	1	1	0	1	0	0	0	1	1	1	1	0	1	1	1	1	1	0	1	0	1	1	1	1	1	0	0	0	0	0	1	0	1	1	1	1	0	1	0	1	1	1	1	1	0	1	0	0	1	0	0	0	1	0	1	1	1	1	1	1	1	1	1	1	0	0	0	0	1	1	0	1	0	1	1	0	1	1	0	0	0	1	1	1	0	1	1	1	1	0	1	0	1	1	1	0
cell83	1	1	0	0	1	1	1	1	1	0	1	0	0	1	0	1	1	1	1	1	1	1	0	1	1	1	1	1	1	1	0	0	1	1	1	1	1	1	1	1	1	0	1	0	1	1	0	1	1	1	1	1	1	1	1	1	1	1	1	1	1	0	1	1	1	0	1	0	0	0	1	1	1	1	1	1	1	1	1	1	1	1	0	1	1	1	0	1	1	1	1	1	1	1	1	1	1	1	1	1	0	1	1	0	1
cell84	1	1	0	0	1	1	1	1	1	0	1	0	0	1	0	1	1	1	1	1	1	1	0	1	1	1	1	1	1	1	0	0	1	1	1	1	1	1	1	1	1	0	1	0	1	1	0	1	1	1	1	1	1	1	1	1	1	1	1	1	1	0	1	1	1	0	1	0	0	0	1	1	1	1	1	1	1	1	1	1	1	1	0	1	1	1	0	1	1	1	1	1	1	1	1	1	1	1	1	1	0	1	1	0	1
cell85	1	1	0	0	1	1	1	1	1	0	1	0	0	1	0	1	1	1	1	1	1	1	0	1	1	1	1	1	1	1	0	0	1	1	1	1	1	1	1	1	1	0	1	0	1	1	0	1	1	1	1	1	1	1	1	1	1	1	1	1	1	0	1	1	1	0	1	0	0	0	1	1	1	1	1	1	1	1	1	1	1	1	0	1	1	1	0	1	1	1	1	1	1	1	1	1	1	1	1	1	0	1	1	0	1
cell86	1	1	0	0	1	1	1	1	1	0	1	0	0	1	0	1	1	1	1	1	1	1	0	1	1	1	1	1	1	1	0	0	1	1	1	1	1	1	1	1	1	0	1	0	1	1	0	1	1	1	1	1	1	1	1	1	1	1	1	1	1	0	1	1	1	0	1	0	0	0	1	1	1	1	1	1	1	1	1	1	1	1	0	1	1	1	0	1	1	1	1	1	1	1	1	1	1	1	1	1	0	1	1	0	1
cell87	1	1	0	0	1	1	1	1	1	0	1	0	0	1	0	1	1	1	1	1	1	1	0	1	1	1	1	1	1	1	0	0	1	1	1	1	1	1	1	1	1	0	1	0	1	1	0	1	1	1	1	1	1	1	1	1	1	1	1	1	1	0	1	1	1	0	1	0	0	0	1	1	1	1	1	1	1	1	1	1	1	1	0	1	1	1	0	1	1	1	1	1	1	1	1	1	1	1	1	1	0	1	1	0	1
cell88	1	1	0	0	1	1	1	1	1	0	1	0	0	1	0	1	1	1	1	1	1	1	0	1	1	1	1	1	1	1	0	0	1	1	1	1	1	1	1	1	1	0	1	0	1	1	0	1	1	1	1	1	1	1	1	1	1	1	1	1	1	0	1	1	1	0	1	0	0	0	1	1	1	1	1	1	1	1	1	1	1	1	0	1	1	1	0	1	1	1	1	1	1	1	1	1	1	1	1	1	0	1	1	0	1
cell89	1	1	0	0	1	1	1	1	1	0	1	0	0	1	0	1	1	1	1	1	1	1	0	1	1	1	1	1	1	1	0	0	1	1	1	1	1	1	1	1	1	0	1	0	1	1	0	1	1	1	1	1	1	1	1	1	1	1	1	1	1	0	1	1	1	0	1	0	0	0	1	1	1	1	1	1	1	1	1	1	1	1	0	1	1	1	0	1	1	1	1	1	1	1	1	1	1	1	1	1	0	1	1	0	1
cell90	1	0	1	1	1	1	1	1	1	1	1	0	1	0	0	0	1	1	1	1	0	1	1	1	1	1	0	1	0	1	1	1	1	1	0	0	0	0	0	1	0	1	1	1	1	0	1	0	1	1	1	1	1	0	1	0	0	1	0	0	0	1	0	1	1	1	1	1	1	1	1	1	1	0	0	0	0	1	1	0	1	0	1	1	0	1	1	0	0	0	1	1	1	0	1	1	1	1	0	1	0	1	1	1	0
cell91	1	1	0	0	1	1	1	1	1	0	1	0	0	1	0	1	1	1	1	1	1	1	0	1	1	1	1	1	1	1	0	0	1	1	1	1	1	1	1	1	1	0	1	0	1	1	0	1	1	1	1	1	1	1	1	1	1	1	1	1	1	0	1	1	1	0	1	0	0	0	1	1	1	1	1	1	1	1	1	1	1	1	0	1	1	1	0	1	1	1	1	1	1	1	1	1	1	1	1	1	0	1	1	0	1
cell92	1	1	0	0	1	1	1	1	1	0	1	0	0	1	0	1	1	1	1	1	1	1	0	1	1	1	1	1	1	1	0	0	1	1	1	1	1	1	1	1	1	0	1	0	1	1	0	1	1	1	1	1	1	1	1	1	1	1	1	1	1	0	1	1	1	0	1	0	0	0	1	1	1	1	1	1	1	1	1	1	1	1	0	1	1	1	0	1	1	1	1	1	1	1	1	1	1	1	1	1	0	1	1	0	1
cell93	1	0	1	1	1	1	1	1	1	1	1	0	1	0	0	0	1	1	1	1	0	1	1	1	1	1	0	1	0	1	1	1	1	1	0	0	0	0	0	1	0	1	1	1	1	0	1	0	1	1	1	1	1	0	1	0	0	1	0	0	0	1	0	1	1	1	1	1	1	1	1	1	1	0	0	0	0	1	1	0	1	0	1	1	0	1	1	0	0	0	1	1	1	0	1	1	1	1	0	1	0	1	1	1	0
cell94	1	1	0	0	1	1	1	1	1	0	1	0	0	1	0	1	1	1	1	1	1	1	0	1	1	1	1	1	1	1	0	0	1	1	1	1	1	1	1	1	1	0	1	0	1	1	0	1	1	1	1	1	1	1	1	1	1	1	1	1	1	0	1	1	1	0	1	0	0	0	1	1	1	1	1	1	1	1	1	1	1	1	0	1	1	1	0	1	1	1	1	1	1	1	1	1	1	1	1	1	0	1	1	0	1
cell95	1	1	0	0	1	1	1	1	1	0	1	0	0	1	0	1	1	1	1	1	1	1	0	1	1	1	1	1	1	1	0	0	1	1	1	1	1	1	1	1	1	0	1	0	1	1	0	1	1	1	1	1	1	1	1	1	1	1	1	1	1	0	1	1	1	0	1	0	0	0	1	1	1	1	1	1	1	1	1	1	1	1	0	1	1	1	0	1	1	1	1	1	1	1	1	1	1	1	1	1	0	1	1	0	1
cell96	1	1	0	0	1	1	1	1	1	0	1	0	0	1	0	1	1	1	1	1	1	1	0	1	1	1	1	1	1	1	0	0	1	1	1	1	1	1	1	1	1	0	1	0	1	1	0	1	1	1	1	1	1	1	1	1	1	1	1	1	1	0	1	1	1	0	1	0	0	0	1	1	1	1	1	1	1	1	1	1	1	1	0	1	1	1	0	1	1	1	1	1	1	1	1	1	1	1	1	1	0	1	1	0	1