cell/mut	ABI3BP	BCAM	C1orf173	DCHS1	DYNLL2	FBLIM1	MAP7D2	NRBP2	PLEC	SUSD2
cell1	1	1	1	1	1	1	1	1	0	1
cell2	1	1	1	1	1	1	1	1	0	1
cell3	1	1	1	1	1	1	1	1	0	1
cell4	1	1	1	1	1	1	1	1	0	1
cell5	1	1	1	1	1	1	1	1	0	1
cell6	1	1	1	1	1	1	1	1	1	1
cell7	1	1	1	1	1	1	1	1	0	1
cell8	1	1	1	1	1	1	1	1	0	1
cell9	1	1	1	1	1	1	1	1	0	1
cell10	1	1	1	1	1	1	1	1	0	1
cell11	1	1	1	1	1	1	1	1	1	1
cell12	1	1	1	1	1	1	1	1	0	1
cell13	1	1	1	1	1	1	1	1	1	1
cell14	1	1	1	1	1	1	1	1	0	1
cell15	1	1	1	1	1	1	1	1	1	1
cell16	1	1	1	1	1	1	1	1	0	1
cell17	1	1	1	1	1	1	1	1	0	1
cell18	1	1	1	1	1	1	1	1	0	1
cell19	1	1	1	1	1	1	1	1	0	1
cell20	1	1	1	1	1	1	1	1	0	1
cell21	1	1	1	1	1	1	1	1	0	1
cell22	1	1	1	1	1	1	1	1	1	1
cell23	1	1	1	1	1	1	1	1	0	1
cell24	1	1	1	1	1	1	1	1	1	1
cell25	1	1	1	1	1	1	1	1	0	1
cell26	1	1	1	1	1	1	1	1	0	1
cell27	1	1	1	1	1	1	1	1	0	1
cell28	1	1	1	1	1	1	1	1	1	1
cell29	1	1	1	1	1	1	1	1	0	1
cell30	1	1	1	1	1	1	1	1	0	1
cell31	1	1	1	1	1	1	1	1	1	1
cell32	1	1	1	1	1	1	1	1	1	1
cell33	1	1	1	1	1	1	1	1	0	1
cell34	1	1	1	1	1	1	1	1	1	1
cell35	1	1	1	1	1	1	1	1	0	1
cell36	1	1	1	1	1	1	1	1	0	1
cell37	1	1	1	1	1	1	1	1	0	1
cell38	1	1	1	1	1	1	1	1	1	1
cell39	1	1	1	1	1	1	1	1	0	1
cell40	1	1	1	1	1	1	1	1	0	1
cell41	1	1	1	1	1	1	1	1	0	1
cell42	1	1	1	1	1	1	1	1	1	1
cell43	1	1	1	1	1	1	1	1	0	1
cell44	1	1	1	1	1	1	1	1	0	1
cell45	1	1	1	1	1	1	1	1	0	1
cell46	1	1	1	1	1	1	1	1	0	1
cell47	1	1	1	1	1	1	1	1	0	1
cell48	1	1	1	1	1	1	1	1	0	1
cell49	1	1	1	1	1	1	1	1	0	1
cell50	1	1	1	1	1	1	1	1	0	1
cell51	1	1	1	1	1	1	1	1	0	1
cell52	1	1	1	1	1	1	1	1	1	1
cell53	1	1	1	1	1	1	1	1	1	1
cell54	1	1	1	1	1	1	1	1	0	1
cell55	1	1	1	1	1	1	1	1	0	1
cell56	1	1	1	1	1	1	1	1	0	1
cell57	1	1	1	1	1	1	1	1	0	1
cell58	1	1	1	1	1	1	1	1	1	1
cell59	1	1	1	1	1	1	1	1	0	1
cell60	1	1	1	1	1	1	1	1	0	1
cell61	1	1	1	1	1	1	1	1	0	1
cell62	1	1	1	1	1	1	1	1	0	1
cell63	1	1	1	1	1	1	1	1	0	1
cell64	1	1	1	1	1	1	1	1	1	1
cell65	1	1	1	1	1	1	1	1	0	1
cell66	1	1	1	1	1	1	1	1	0	1
cell67	1	1	1	1	1	1	1	1	0	1
cell68	1	1	1	1	1	1	1	1	1	1
cell69	1	1	1	1	1	1	1	1	0	1
cell70	1	1	1	1	1	1	1	1	0	1
cell71	1	1	1	1	1	1	1	1	1	1
cell72	1	1	1	1	1	1	1	1	0	1
cell73	1	1	1	1	1	1	1	1	0	1
cell74	1	1	1	1	1	1	1	1	1	1
cell75	1	1	1	1	1	1	1	1	0	1
cell76	1	1	1	1	1	1	1	1	0	1
cell77	1	1	1	1	1	1	1	1	0	1
cell78	1	1	1	1	1	1	1	1	1	1
cell79	1	1	1	1	1	1	1	1	0	1
cell80	1	1	1	1	1	1	1	1	0	1
cell81	1	1	1	1	1	1	1	1	0	1
cell82	1	1	1	1	1	1	1	1	1	1
cell83	1	1	1	1	1	1	1	1	0	1
cell84	1	1	1	1	1	1	1	1	0	1
cell85	1	1	1	1	1	1	1	1	1	1
cell86	1	1	1	1	1	1	1	1	0	1
cell87	1	1	1	1	1	1	1	1	1	1
cell88	1	1	1	1	1	1	1	1	0	1
cell89	1	1	1	1	1	1	1	1	1	1
cell90	1	1	1	1	1	1	1	1	0	1
cell91	1	1	1	1	1	1	1	1	0	1
cell92	1	1	1	1	1	1	1	1	0	1
cell93	1	1	1	1	1	1	1	1	1	1
cell94	1	1	1	1	1	1	1	1	0	1
cell95	1	1	1	1	1	1	1	1	0	1
cell96	1	1	1	1	1	1	1	1	1	1
cell97	1	1	1	1	1	1	1	1	1	1
cell98	1	1	1	1	1	1	1	1	0	1
cell99	1	1	1	1	1	1	1	1	0	1
cell100	1	1	1	1	1	1	1	1	0	1
cell101	1	1	1	1	1	1	1	1	0	1
cell102	1	1	1	1	1	1	1	1	0	1
cell103	1	1	1	1	1	1	1	1	0	1
cell104	1	1	1	1	1	1	1	1	0	1
cell105	1	1	1	1	1	1	1	1	0	1
cell106	1	1	1	1	1	1	1	1	0	1
cell107	1	1	1	1	1	1	1	1	0	1
cell108	1	1	1	1	1	1	1	1	0	1
cell109	1	1	1	1	1	1	1	1	1	1
cell110	1	1	1	1	1	1	1	1	0	1
cell111	1	1	1	1	1	1	1	1	1	1
cell112	1	1	1	1	1	1	1	1	0	1
cell113	1	1	1	1	1	1	1	1	0	1
cell114	1	1	1	1	1	1	1	1	0	1
cell115	1	1	1	1	1	1	1	1	1	1
cell116	1	1	1	1	1	1	1	1	0	1
cell117	1	1	1	1	1	1	1	1	0	1
cell118	1	1	1	1	1	1	1	1	1	1
cell119	1	1	1	1	1	1	1	1	0	1
cell120	1	1	1	1	1	1	1	1	1	1
cell121	1	1	1	1	1	1	1	1	0	1
cell122	1	1	1	1	1	1	1	1	0	1
cell123	1	1	1	1	1	1	1	1	1	1
cell124	1	1	1	1	1	1	1	1	0	1
cell125	1	1	1	1	1	1	1	1	0	1
cell126	1	1	1	1	1	1	1	1	0	1
cell127	1	1	1	1	1	1	1	1	0	1
cell128	1	1	1	1	1	1	1	1	0	1
cell129	1	1	1	1	1	1	1	1	0	1
cell130	1	1	1	1	1	1	1	1	0	1
cell131	1	1	1	1	1	1	1	1	0	1
cell132	1	1	1	1	1	1	1	1	1	1
cell133	1	1	1	1	1	1	1	1	1	1
cell134	1	1	1	1	1	1	1	1	0	1
cell135	1	1	1	1	1	1	1	1	0	1
cell136	1	1	1	1	1	1	1	1	0	1
cell137	1	1	1	1	1	1	1	1	0	1
cell138	1	1	1	1	1	1	1	1	0	1
cell139	1	1	1	1	1	1	1	1	0	1
cell140	1	1	1	1	1	1	1	1	0	1
cell141	1	1	1	1	1	1	1	1	0	1
cell142	1	1	1	1	1	1	1	1	0	1
cell143	1	1	1	1	1	1	1	1	0	1
cell144	1	1	1	1	1	1	1	1	1	1
cell145	1	1	1	1	1	1	1	1	1	1
cell146	1	1	1	1	1	1	1	1	0	1